-.62
-.66
-1.20
-1.11
-2.32
-.82
-.61
-.26
-.06
.05
.39
.25
.50
.48
.68
.37
.45
.31
.75
.45
.30
.25
.29
-.28
-.49
-.64
-.50
-1.15
-1.34
-1.08
-1.10
-.89
-.69
-.59
-.44
-.09
.18
.09
.33
-.02
-.13
-.25
-.19
-.28
-.41
-.44
-.54
-.48
-.47
-.56
-.40
.15
-.70
-.03
.15
-.03
-.27
-.53
-.52
-.32
1.10
-.04
-.10
.02
-.16
.30
.46
.16
.79
.63
.42
.78
.33
.61
.68
.58
.41
.37
0
-.42
-.97
-.71
-.68
-1.06
-.91
-1.02
-.91
-1.10
-1.73
-1.15
-.10
-.27
1.16
.33
.27
.30
.25
-.09
.82
.73
.30
-.01
.05
-.28
-.72
-.73
-1.50
-.73
-.78
.11
-.63
-.44
-.35
-.24
-.33
-.66
-.73
-1.01
-.94
-.67
-.48
-.65
-.42
-.32
0
-.06
-.38
-.53
-.38
-.59
.56
-1.00
-.97
-1.05
-1.07
-1.30
-.71
-.62
-.54
-.64
-.49
.28
-.69
-.65
-.72
-.74
-.50
-.45
-.19
-.33
-.36
-.52
-.42
-.11
.97
-.01
-.05
-.13
-.21
-.72
.16
-.15
-.38
-.44
-.60
-1.28
-1.39
-1.00
-.81
-.74
-.81
-.17
-.35
-.66
-.82
-.69
-.66
-.54
-.95
.20
-1.01
-1.13
-1.01
-.77
.18
-1.05
-.57
-.45
-.58
-.65
-.59
-.74
-.79
-.55
-1.13
-.58
-1.17
-.35
-.61
-.67
-.91
-.93
-.86
-.66
-.57
-.63
-.72
-.34
-1.87
-.77
-.65
-.52
-.36
-.21
-.84
-.27
-.63
-2.07
-.62
-.46
-.46
-.41
-.51
-.52
-.61
-.72
-.94
-.92
-1.08
-1.10
-1.10
-.57
-.74
-.81
-.54
-.59
-.37
-.10
0
.22
-.04
.01
-.16
-.03
.42
.10
-.79
-.44
.38
-.72
-.87
-1.55
-1.03
-.74
-.49
-.49
-.79
-.11
-.15
-.36
-.06
-.02
-.18
-.23
-.38
-.74
-.10
-.01
.07
.27
.14
.44
.15
.58
.21
-.66
-.24
-.29
-.31
.27
.27
.39
.50
.54
.42
.26
.34
.23
.18
-.18
-.37
-.34
-.46
-1.39
-.37
-.61
-.37
-.26
-.08
-.15
.04
-.15
.13
-.13
-.21
-.29
-.16
-.43
-.25
-.36
-.18
-.30
-.32
-.84
-.10
.06
.14
.11
.04
-.06
.32
-.12
.16
-.03
.07
-.15
-.07
-.19
.45
-.17
.12
-.07
.56
-.18
-.19
-.22
-.18
-.08
-.12
-.12
-.12
.15
-.10
-.04
-.52
-.12
-.13
-.15
-.12
-.01
.01
-.11
-.06
-.18
-.05
.09
.10
.01
.02
-.05
.02
-.88
-.14
-.15
.30
-.09
-.23
-.42
-.07
-.28
.05
0
.23
.34
.51
.19
.23
.08
.02
.81
.05
.01
.29
.09
.08
-.22
.09
.20
.17
.18
.07
.15
.18
.64
.11
.17
.33
.18
.40
.22
-.02
.16
-.03
.02
-.10
.05
0
-.05
.04
.03
-.13
-.06
-.10
-.10
-.17
-.09
-.10
-.16
-.11
-.55
-.01
-.39
-.09
-.18
-.21
-.12
-.13
.07
-.17
-.19
-.14
-.30
-.27
.51
-.26
-.42
-.27
-.60
.15
-.07
-.20
-.16
-.35
-.33
-.54
-.16
-.66
-.42
-.09
-.15
.16
-.07
-.49
-.03
-.09
-.03
-.12
-.26
.99
-.44
-.21
-.17
-.15
-.38
-.40
-.48
-1.07
-.69
-.86
-1.57
-.74
-.61
-.40
-.45
-.48
-1.05
-.33
-.52
-.61
-.66
-.54
-.55
-.70
-.48
-.50
-.50
-.56
-.85
-.61
-.49
-.57
-.37
-.38
-.49
-.42
-.38
-.40
-.38
.42
-.48
-.57
-.86
-.62
-.83
-.95
-.56
-.71
-.47
-.40
-.55
-.63
-.60
-.58
-.68
-.59
-.66
-.44
-.34
-.36
-.75
-.30
-.21
-.32
-.18
-.43
-.31
-.32
.74
-.21
-.33
-.14
-.03
-.87
-.35
-.19
-.29
-.55
-.57
-.61
-.59
-.70
-.51
-.65
.34
-.52
.10
-.26
-.38
-.37
-.19
-.26
-.77
.83
-.27
-.47
-.63
-.58
-.43
-.35
-.20
-.29
-.36
-.62
-.57
-.60
-.84
-1.36
-.81
-.95
-1.45
-.83
-.58
-.63
-.50
-.33
-.43
-.67
-.43
-.36
-.42
-.43
-.12
-.31
-.02
-.29
-.22
-.23
-.21
-.11
-.22
-.16
-.22
-.11
.42
-.24
-.15
-.23
.82
-.37
-.24
-1.07
-.20
-.24
-.15
-.17
-.22
-.78
-.35
-.36
-.33
.04
-.14
-.33
.71
-.31
-.51
-.37
-.29
-.30
-.95
-.02
.05
-.34
-.22
-.17
-.17
-.17
-.18
.07
-.13
-.18
-.04
.06
.19
.34
.08
.22
-.02
.09
.12
.34
.28
.25
-.32
.21
-.18
.20
.07
.25
.31
.27
1.08
.33
.51
.46
.36
.49
.36
.32
.40
.76
.46
.60
.68
1.48
.86
.74
.44
.22
-.11
-.13
.19
.59
.78
.62
.11
.73
.63
.52
.62
.40
-.75
-1.66
-2.07
-2.02
-1.52
-1.08
-.66
-.41
-1.09
-1.20
-.94
-.72
-.57
-.47
-.56
-.33
-.09
.11
-.10
-.07
-.05
-.05
-.10
-.11
.28
.90
1.15
1.13
.84
.80
.62
.37
.49
.26
.07
.15
.05
-.02
.09
-.02
.10
.31
.34
.29
-.12
.22
.19
.19
.02
.05
-.27
.47
-.39
-.40
-.31
-.47
-.37
-.57
.27
-1.15
-.54
-.50
-.43
.17
-.44
-.24
-.26
.02
-.41
-.19
-.38
-.26
-.35
.23
.30
.59
.81
.52
.30
.29
.22
.28
-.07
-.12
-.41
-.96
-.49
-.57
-.29
-.56
-.25
.11
.21
.13
.13
.16
-.20
-.44
-.23
-.35
-.27
-.34
-.44
-.33
-.53
-.23
.04
.18
.27
.33
.17
.35
.22
.32
.19
.01
.04
-.31
-.23
-.69
-.95
-1.23
-1.24
-1.22
-1.44
-1.27
-1.27
-1.06
-1.19
-.88
-1.06
-1.09
-.98
-.67
-.56
-.32
.31
.02
.22
-.13
-.21
.59
-.50
-.90
-.50
-.61
-.52
-.38
-.35
-.23
-.16
.03
1.06
.42
.24
.24
-.04
-.18
-.35
-.42
-.66
-.62
-.74
-1.08
-1.27
-1.08
-.54
-.44
-.21
-.10
.23
1.05
.09
.03
-.25
-.33
-.76
-1.02
-1.22
-1.28
-1.14
-.88
-.60
-.38
-.23
.20
.43
.56
.48
.50
.26
.24
.22
.08
-.26
-.54
-.78
-.73
-.72
-.73
-.76
-.82
-1.21
-1.13
-.89
-.75
-.73
-1.34
-.58
-.95
-.28
-.17
-.27
-.45
-.53
-1.11
-.46
-1.07
-1.18
-1.15
.31
-.18
-.38
-.27
-.97
-.41
-.34
-.28
-.25
-.24
-.20
-1.15
-.51
-.60
-.55
-.09
-.33
-.14
-.06
-.17
-.19
-.60
-.28
.94
-1.37
-.35
-.46
-.77
-.94
-1.67
-.87
-.90
-.76
-.80
-.79
-.80
-.56
-.64
-.48
-.48
-.57
-.44
-.36
-.41
-.65
-.63
-.59
-.51
-.46
-.41
-.17
-.22
-.91
-.39
-.07
-.06
.05
.13
.10
.06
-.03
-.06
.14
-1.24
-.63
-.03
-.20
-.22
-.30
-.34
-.71
-.74
-.62
-.44
-.46
-.38
.31
-.17
-.42
-.38
-.26
-.25
.66
-.13
-.22
.09
1.02
-.42
-.27
-.03
-.21
-.19
-.21
-.32
-.44
-.37
-.26
.73
1.03
.67
.58
1.86
.57
1.46
1.78
2.01
2.39
2.85
2.49
1.91
.31
-.25
-1.17
-.99
-.52
-.37
.10
.16
.11
.25
.03
.18
.06
-.04
-.86
-1.96
-1.31
-.96
-.81
.03
.17
.74
.37
.25
.23
.01
-.17
-.18
.43
.60
1.19
1.05
.71
.17
.05
.34
.34
-.09
.34
.29
.69
.23
.28
.15
.20
-.15
-.21
-.28
-.40
.76
-.31
-.21
-.49
-.78
-.85
-.42
-.33
-.23
-.30
-.24
-.51
-.40
-.44
-.40
-.31
-.28
-.40
.48
.45
.94
.94
1.34
1.21
1.16
1.03
.82
.26
-.15
-.23
-.30
-.11
-.66
-.13
-.07
-.27
-.14
.02
-.92
-.21
-.35
-.24
-.25
-.59
-.51
-.45
-.43
-.40
-.26
-.24
-.11
-.24
-.42
-.57
-.65
-.66
-.59
-.37
.59
-.42
-.14
-.22
-.13
-.37
-.08
-.17
-.20
-.09
-.04
-.09
-.18
.44
-.11
-.23
-.17
-.28
-.41
-.55
-.41
-.57
-.63
-.74
-.65
-.72
-.95
-.98
-.40
-.42
-.25
-.30
-.02
.06
-.45
.24
.11
-.22
-.42
-.56
-.62
-.73
-.56
-.59
-.61
-.54
-.56
-.65
-.62
-.52
-.70
-.44
-.25
-.03
-.29
-.47
-.47
-1.00
-.98
-.55
-.51
-.54
-.29
-.30
-.26
-.12
-.11
-.13
-.06
-.13
-.18
-.14
-.57
-.18
-.29
-.46
-.22
-.45
-.38
-.31
-.31
-.30
-.23
-.31
-.25
-.22
-.20
-.24
-.53
-.20
-.28
-.29
-.28
-.19
-.77
-.16
.30
-.20
-.24
-.24
.39
-.24
-.21
-.78
-.24
-.31
-.32
-.04
-.13
.02
.12
-.01
.13
.01
0
.03
-.14
-.08
-.16
-.05
-.15
-.19
-.68
-.24
-.08
.03
-.08
-.13
-.18
-.24
-.12
-.13
-.24
-1.21
-.14
-.20
-.20
-.25
-.22
-.38
-.13
-.39
-.46
.65
-.28
-.22
-.36
-.06
-.13
.08
-.18
-.14
-.18
.27
-.33
-.13
-.24
-.24
-.21
-.17
-.09
-.38
-.25
-.32
-.17
-.40
-.15
.50
-.14
-.29
-.12
-.24
-.14
-.14
-.18
-.18
-.16
-.23
-.18
-.68
-.05
-.80
-.14
-.85
-.03
-.17
-.23
-.22
-.16
-.25
-.28
.68
-.77
-.24
.04
-.09
-.38
-.24
.59
-.09
-.42
.34
-.06
-.13
-.28
-.20
-.04
-.06
-.05
-.19
-.07
-.16
-.02
.07
1.23
.08
.06
.14
.06
.01
-.01
-.03
.08
-.03
-.01
1.06
-.04
-.17
-.03
.01
.93
-.09
-.09
.01
-.21
-.05
-.07
-.26
-.14
-.27
-.13
-.21
-.16
-.49
.30
.30
.50
.53
.52
-.35
.31
.25
-.05
-.72
-.03
-.04
-.43
-.58
.13
.19
-.62
.46
.21
.27
.19
.39
.05
-.19
-.19
-.37
-.22
-.02
.10
.14
1.06
.47
.24
.38
.33
.35
.51
.28
.26
-.19
.09
.08
-.05
-.21
-.20
-.34
-.32
-.29
-.95
-.27
-.11
-.09
-.11
.12
.19
.18
0
.05
.09
.20
.08
.08
.27
.41
.38
.35
.24
.30
1.57
1.38
.12
.17
.14
.14
-.02
-.07
.05
.72
.07
.69
-.09
.13
-.33
.08
.16
.07
.06
0
-.23
-.74
-.16
-.17
-.65
-.14
-.07
-.07
-.07
-.01
.10
-.12
.06
.04
-.07
.08
1.08
.14
.19
.24
0
.04
.04
.25
.08
.08
.11
-.09
.10
-.05
.07
.03
-.10
.11
.16
-.01
0
.09
.10
.16
.15
.10
.12
.19
.25
.13
.33
.10
.20
.42
.21
.30
.22
.23
.28
.65
.31
.23
.14
.24
.24
.14
.13
.03
-.06
.04
.32
.08
-.01
-.52
.32
.39
-.52
.43
.17
.21
.10
.06
0
-.03
-.79
-.04
-.15
.03
.02
.05
-.03
.12
.01
.31
.28
.29
.33
.07
.53
.39
.63
.14
.16
.03
-.60
.04
-.68
.46
.07
-.08
-.69
.02
.02
.06
.17
.15
0
.03
.12
.18
.20
.13
.05
.09
.08
.08
.15
-.03
-.02
-.05
-.05
-.03
.13
.52
.10
.04
.09
-.57
-.04
-.32
.29
.12
.55
.08
.35
.23
.28
.26
1.30
.13
.15
.10
1.06
.10
-.01
.12
.22
.26
.21
.08
.07
.15
.04
.05
.02
.06
.13
.12
-.15
-.04
-.08
-.12
-.04
-.11
-.14
-.04
.11
-.15
-.17
.05
-.12
.02
-.13
0
-.02
0
.08
.04
.32
-.57
.28
-.22
.21
.12
.36
-.08
.12
.23
.13
.22
.17
.24
.29
-.28
.17
.25
.08
.25
.16
.16
.12
.08
-.80
-.05
-.11
-.08
-.20
-.27
-.20
-.27
-.11
-.04
.04
.12
.29
.04
-.87
.22
.20
.20
.08
.06
-.01
.11
-.06
.03
0
-.16
-.15
-.08
.25
-.06
.04
.11
.06
.18
.24
.17
.15
.16
.91
.17
.13
.13
.06
.01
-.09
-.07
.02
0
.06
.07
.13
.15
.12
-.07
.20
.01
-.02
-.02
-.07
-.03
-.68
.02
.19
-.05
-.07
.04
-.02
-.14
.03
.15
.06
-.07
.02
.02
.06
.17
.31
.03
.11
.08
-.31
1.43
-.40
.25
.14
.16
.19
.44
.12
.09
.09
.04
-.13
-.10
-.95
.17
.14
.25
.24
.29
.32
1.01
.12
.13
.05
.33
.05
.14
.20
1.18
.20
.31
.37
.45
.48
.18
-.18
.22
.21
.11
.18
-.13
-.02
-.11
-.63
-.14
-.15
-.07
-.10
-.05
-.17
.03
.15
.01
.01
-.07
.06
-.05
-.04
.06
.25
-.03
-.38
-.03
0
-.01
-.20
.77
0
-.01
.04
-.06
-.62
.18
.31
.05
.17
.14
1.41
.29
.26
.15
-.36
.60
.73
.67
.62
.67
.58
.67
.70
.47
.59
.63
.46
.41
1.56
.21
.15
.43
.24
.33
.36
.33
.49
.60
.48
-.12
.36
-.15
.27
.46
.41
.30
.40
.33
-.08
.37
.36
.20
.36
.17
-.62
.28
.56
-.17
.39
.31
.31
.48
-.44
.18
.53
-.60
.02
-.01
.09
.01
.10
.05
.31
.28
.40
.60
.51
.52
.58
.39
.49
.38
.16
.40
.56
.29
.35
.27
.27
1.29
.23
.38
.90
.39
.78
.33
1.36
.32
.51
.33
.44
.26
-1.58
.44
.01
-.05
.38
.31
.14
.67
1.31
.47
.45
.03
-.01
.11
.29
.34
.45
-.05
.30
.66
.43
.35
.26
.28
.17
-.41
.18
.32
.38
.55
.46
.60
.58
.60
.64
.61
.61
1.50
.28
1.18
.05
.19
.43
.56
.34
.24
.29
.32
1.10
.20
.30
.03
-.59
.16
.18
.32
.61
-.19
.32
.37
.35
.36
.46
.21
.20
-.41
.04
-.35
.57
.39
.11
.49
.42
.56
.52
-.25
-.30
.39
.98
.21
.38
.09
.11
.15
.13
.15
-.42
-.35
.29
-.57
.35
.04
.32
.42
.35
.14
.21
.22
.12
.04
.11
.20
-.54
.15
-.52
.15
.01
-.03
.14
.25
.21
-.02
1.03
.24
.21
.86
.19
.18
.24
.10
-.38
.27
.25
.19
-.30
.27
.29
.75
.43
.39
.18
.21
.28
.37
.02
1.40
.17
.24
.33
.12
.03
.26
.21
.19
.11
.29
.13
.52
1.35
.39
.42
.14
.18
-.11
.24
.16
.19
.12
.23
.17
.05
.06
.23
.19
.13
.17
.09
-.45
.23
.08
.31
.75
-.26
-.26
.21
-.57
.24
.16
.34
.14
.17
.36
.11
.19
.14
.24
.20
.93
.14
.26
.27
1.16
.12
.30
.13
.22
-.45
.34
-.30
.28
.50
.31
.36
.33
.24
.27
.24
1.50
.23
.31
.23
.33
.11
.89
.26
.19
.26
.23
.26
.19
1.59
1.39
.15
.23
.16
-.08
.23
.22
.07
.28
-.22
.18
.07
.51
.20
.16
.24
.20
.15
.15
.29
.17
.32
1.03
.27
.21
.36
.21
.17
.36
.20
.45
.33
.30
-.49
.38
-.07
.29
.30
.22
.58
.17
.29
.28
.17
.20
.12
-.18
.26
.27
.18
.17
.24
.30
.50
.21
.40
.42
.55
.36
.43
1.34
.23
.42
.36
.29
.22
.69
.50
.27
-.19
.51
.65
.61
.72
.63
.61
.73
.62
.71
.63
.51
.55
.54
.36
-.25
.32
.22
.89
.12
.31
.19
.15
.09
1.26
.39
-.19
.45
1.08
.52
.37
.76
.56
-.09
.58
.30
.38
-.16
-.36
.35
.29
.13
.36
.24
1.32
.34
.74
.11
.15
.17
.04
.38
-.42
.22
.29
.14
.22
.32
1.20
.03
.09
-.13
.16
.18
.24
.23
-.06
.19
.36
.06
.19
.09
.18
.25
.16
.12
.12
.16
-.31
.26
.14
.13
.28
-.20
.26
.25
-1.04
.20
.18
.20
.13
.05
-.53
.10
-.23
.23
.21
.38
.16
-.25
.04
.16
.25
.30
.24
-.33
.36
-.16
.42
-.18
.35
.36
.33
.26
-.20
.20
1.90
.26
.62
.19
.24
.13
.34
1.17
.26
.34
-.29
.17
.05
.26
-.02
.18
-.06
-.23
.11
1.35
-.65
.23
-.41
.23
.40
-1.27
.70
.13
1.11
1.21
.21
.31
.29
-.42
.12
.37
.13
.02
.10
.10
-.03
.10
.09
.13
-.06
1.25
.22
.29
.14
.01
1.32
.25
.16
.30
1.37
1.47
.35
.34
-.29
.31
.48
.95
.39
.28
.34
.42
.30
.29
-.42
.33
.54
.28
.22
.52
-.33
.15
.14
.16
.04
-.73
-.81
.11
.19
.19
.54
.53
.46
.64
.43
.44
.39
1.70
.41
.49
.28
-.10
.46
-.29
.31
-.16
.62
1.77
.77
.57
.59
.47
.33
.14
.21
.27
.17
.36
.19
.99
.40
.51
-.13
.25
.17
.21
.37
.22
.22
.16
.05
.18
.24
.47
.23
.51
.25
1.18
.28
.27
.26
.22
.24
.40
.14
.26
.11
.27
.28
.22
1.25
.29
-.02
.24
-.35
.13
.22
-.47
.07
-.17
-.22
1.51
.27
.43
.33
.49
-.13
.50
.51
.43
.62
.48
.04
.50
1.02
.50
.24
.02
.73
1.59
.17
.28
-.47
.27
.12
.65
-.48
.29
.49
.44
.41
.28
.26
.33
.26
-.13
.62
.80
.83
1.69
.81
.95
.53
.43
.53
.39
.25
.28
.24
.39
.25
.31
-.12
.15
-.04
-.49
.05
.13
.16
1.12
.18
-.16
-.15
-.26
-.86
-.32
-.45
.30
-.09
.21
.10
.20
.49
.59
.36
.28
.24
.11
.14
-.07
-.48
.04
-.07
-.46
.09
-.13
.36
.21
-.44
.26
1.09
.32
-.61
.10
.02
.54
-.02
-.11
-.07
-.20
-.04
.77
.18
-.16
.22
-.06
.15
.99
.14
.02
.13
.29
-.41
.24
.31
.05
.03
-.10
-.14
-.13
-.25
.05
-.26
-.08
-.70
-.16
-.12
.30
.42
.41
.50
.35
.40
.36
-.27
.40
.10
-.37
1.33
.13
.25
1.57
-.17
0
.45
.62
.44
.50
.26
.30
.38
.34
.29
.15
.32
.19
-.18
.11
.42
.07
.12
.04
.08
0
.01
-.06
-.05
-.02
-.04
.07
.10
.43
.68
.12
.19
.19
-.35
-.03
.09
.19
.12
.41
.16
.13
.05
.07
-.35
.02
.63
.11
.31
-.42
.57
-.05
.07
.13
.23
-.37
-.39
.12
.08
.12
-.46
.04
.18
.01
.12
.18
.35
.17
.20
-.01
.18
.80
-.18
-.44
.24
.40
-.42
.30
.34
.40
.30
.36
.19
.45
.27
.31
-.34
.34
.33
.47
.10
.16
-.35
.07
-.09
.15
.06
.10
.15
.10
.17
-.06
0
.03
-.20
-.08
-.27
-.13
-.38
0
-.09
-.55
-.11
-.02
