37.02
37.01
37.00
37.00
37.00
36.99
37.00
37.00
37.00
37.01
37.01
37.01
37.01
37.01
37.01
37.00
37.01
37.01
37.01
37.00
37.00
37.00
37.01
37.02
37.03
37.05
37.05
37.05
37.07
37.07
37.07
37.06
37.08
37.08
37.08
37.09
37.10
37.10
37.11
37.11
37.13
37.14
37.14
37.13
37.14
37.13
37.12
37.13
37.14
37.14
37.14
37.14
37.14
37.14
37.15
37.14
37.14
37.14
37.15
37.16
37.17
37.18
37.19
37.21
37.23
37.24
37.24
37.24
37.24
37.25
37.26
37.25
37.24
37.24
37.24
37.24
37.24
37.24
37.24
37.24
37.24
37.25
37.27
37.28
37.30
37.30
37.32
37.32
37.33
37.33
37.33
37.34
37.36
37.35
37.34
37.34
37.33
37.33
37.34
37.34
37.33
37.33
37.33
37.33
37.32
37.33
37.33
37.33
37.33
37.33
37.34
37.36
37.37
37.38
37.39
37.39
37.40
37.40
37.40
37.40
37.39
37.37
37.37
37.35
37.34
37.35
37.37
37.37
37.37
37.37
37.37
37.37
37.39
37.40
37.40
37.40
37.40
37.40
37.41
37.42
37.43
37.44
37.46
37.47
37.49
37.48
37.49
37.49
37.50
37.50
37.49
37.49
37.49
37.50
37.49
37.50
37.50
37.50
37.50
37.50
37.50
37.50
37.50
37.50
37.50
37.50
37.49
37.49
37.48
37.48
37.50
37.53
37.55
37.59
37.65
37.71
37.76
37.80
37.82
37.82
37.84
37.83
37.82
37.80
37.79
37.78
37.78
37.79
37.80
37.82
37.83
37.91
38.19
38.56
38.98
39.31
39.60
39.86
40.15
40.51
40.86
41.18
41.47
41.78
42.13
42.46
42.79
43.08
43.33
43.62
43.90
44.24
44.56
44.88
45.19
45.48
45.77
46.03
46.28
46.55
46.88
47.21
47.42
47.61
47.82
48.04
48.33
48.66
48.96
49.25
49.53
49.77
50.04
50.29
50.49
50.56
50.59
50.67
50.75
50.84
50.92
51.04
51.11
51.07
51.01
50.95
50.96
50.92
50.95
50.94
50.92
50.98
51.16
51.38
51.65
51.95
52.24
52.51
52.76
53.00
53.22
53.41
53.59
53.75
53.89
54.03
54.17
54.30
54.43
54.56
54.65
54.74
54.81
54.88
55.00
55.06
55.08
55.10
55.16
55.21
55.21
55.27
55.33
55.39
55.40
55.43
55.51
55.56
55.69
55.82
55.96
56.05
56.14
56.22
56.32
56.34
56.42
56.48
56.62
56.75
56.85
56.98
57.10
57.21
57.30
57.39
57.52
57.61
57.69
57.78
57.88
57.98
58.08
58.16
58.26
58.34
58.39
58.47
58.55
58.64
58.71
58.78
58.86
58.91
58.95
58.95
58.96
58.98
58.97
58.97
59.00
59.06
59.12
59.19
59.23
59.28
59.32
59.34
59.38
59.44
59.51
59.57
59.66
59.72
59.78
59.85
59.90
59.95
59.99
59.99
59.99
60.02
60.08
60.11
60.13
60.15
60.17
60.22
60.25
60.29
60.35
60.41
60.47
60.55
60.62
60.69
60.74
60.80
60.88
60.95
60.99
61.02
61.06
61.09
61.12
61.15
61.20
61.25
61.31
61.36
61.39
61.41
61.45
61.47
61.50
61.51
61.52
61.55
61.57
61.60
61.60
61.64
61.67
61.73
61.77
61.77
61.79
61.80
61.80
61.85
61.90
61.94
61.99
62.04
62.08
62.08
62.12
62.12
62.14
62.15
62.16
62.18
62.21
62.24
62.26
62.28
62.29
62.28
62.28
62.29
62.30
62.30
62.32
62.35
62.40
62.44
62.50
62.53
62.55
62.59
62.63
62.66
62.71
62.76
62.81
62.86
62.90
62.95
63.00
63.04
63.05
63.08
63.08
63.11
63.10
63.11
63.13
63.17
63.20
63.22
63.21
63.21
63.23
63.23
63.25
63.28
63.31
63.34
63.34
63.33
63.33
63.34
63.37
63.40
63.42
63.44
63.45
63.47
63.50
63.53
63.55
63.58
63.60
63.65
63.70
63.75
63.79
63.83
63.89
63.94
64.00
64.04
64.08
64.08
64.08
64.07
64.09
64.14
64.18
64.24
64.27
64.32
64.36
64.37
64.40
64.43
64.45
64.50
64.53
64.58
64.62
64.66
64.70
64.73
64.78
64.81
64.85
64.88
64.93
64.97
65.01
65.02
65.02
65.04
65.01
65.02
65.04
65.08
65.11
65.11
65.14
65.19
65.23
65.26
65.30
65.34
65.38
65.42
65.36
65.32
65.29
65.31
65.33
65.35
65.29
65.31
65.33
65.37
65.33
65.24
65.21
65.20
65.18
65.06
65.00
64.98
65.01
64.99
65.01
65.04
65.03
65.04
65.10
65.11
65.14
65.16
65.20
65.25
65.23
65.22
65.24
65.27
65.33
65.37
65.43
65.50
65.54
65.53
65.56
65.53
65.50
65.49
65.51
65.56
65.53
65.45
65.37
65.41
65.45
65.52
65.61
65.65
65.66
65.66
65.57
65.49
65.52
65.58
65.62
65.63
65.66
65.69
65.73
65.71
65.60
65.52
65.52
65.59
65.64
65.64
65.67
65.68
65.70
65.75
65.71
65.67
65.69
65.67
65.60
65.56
65.58
65.50
65.46
65.51
65.53
65.52
65.53
65.51
65.55
65.66
65.76
65.80
65.79
65.78
65.82
65.85
65.87
65.86
65.91
65.95
66.00
65.99
65.98
66.03
66.08
66.07
66.01
65.91
65.83
65.78
65.75
65.65
65.56
65.54
65.57
65.59
65.66
65.78
65.91
66.03
66.09
66.15
66.24
66.30
66.31
66.41
66.45
66.40
66.30
66.27
66.31
66.36
66.41
66.46
66.53
66.59
66.58
66.59
66.60
66.61
66.64
66.60
66.52
66.48
66.49
66.56
66.63
66.71
66.76
66.78
66.79
66.75
66.69
66.61
66.53
66.53
66.58
66.65
66.70
66.71
66.72
66.68
66.65
66.65
66.72
66.78
66.76
66.75
66.77
66.82
66.80
66.74
66.76
66.78
66.77
66.76
66.78
66.78
66.72
66.69
66.68
66.62
66.54
66.49
66.44
66.42
66.49
66.59
66.68
66.78
66.85
66.85
66.80
66.72
66.59
66.46
66.40
66.37
66.30
66.24
66.24
66.32
66.36
66.38
66.43
66.42
66.46
66.50
66.56
66.61
66.69
66.72
66.80
66.88
66.88
66.93
67.04
67.13
67.25
67.28
67.30
67.37
67.42
67.43
67.37
67.29
67.27
67.25
67.19
67.21
67.16
67.13
67.15
67.17
67.13
67.14
67.17
67.24
67.23
67.25
67.33
67.41
67.45
67.46
67.44
67.45
67.39
67.33
67.37
67.43
67.49
67.59
67.61
67.59
67.61
67.58
67.56
67.55
67.49
67.44
67.45
67.46
67.51
67.53
67.51
67.54
67.55
67.60
67.56
67.52
67.56
67.64
67.65
67.69
67.68
67.61
67.47
67.36
67.36
67.42
67.44
67.45
67.42
67.39
67.43
67.49
67.60
67.66
67.69
67.68
67.69
67.72
67.75
67.75
67.69
67.67
67.65
67.63
67.65
67.72
67.79
67.89
67.95
68.02
68.11
68.16
68.20
68.20
68.20
68.23
68.23
68.15
68.07
68.05
68.08
68.12
68.06
68.02
67.99
67.95
67.92
67.89
67.84
67.88
67.93
68.01
68.07
68.08
68.10
68.13
68.13
68.09
68.06
68.08
68.13
68.21
68.20
68.23
68.28
68.32
68.34
68.33
68.29
68.30
68.34
68.39
68.42
68.40
68.46
68.52
68.55
68.51
68.55
68.59
68.52
68.50
68.50
68.51
68.49
68.40
68.30
68.24
68.19
68.17
68.20
68.26
68.38
68.46
68.54
68.61
68.69
68.67
68.64
68.56
68.48
68.40
68.33
68.24
68.20
68.20
68.22
68.27
68.34
68.37
68.42
68.47
68.55
68.60
68.71
68.74
68.75
68.72
68.67
68.61
68.56
68.58
68.58
68.55
68.57
68.57
68.58
68.47
68.42
68.42
68.46
68.49
68.55
68.54
68.57
68.56
68.56
68.56
68.55
68.56
68.56
68.50
68.44
68.40
68.33
68.27
68.17
68.12
68.10
68.06
68.10
68.18
68.28
68.33
68.30
68.31
68.32
68.40
68.50
68.56
68.65
68.75
68.77
68.77
68.81
68.89
69.00
69.05
69.07
69.06
69.04
69.06
69.12
69.20
69.24
69.23
69.20
69.13
69.02
68.88
68.84
68.88
68.87
68.81
68.73
68.66
68.62
68.58
68.52
68.45
68.49
68.56
68.59
68.64
68.67
68.67
68.68
68.68
68.67
68.62
68.55
68.45
68.42
68.44
68.39
68.36
68.39
68.46
68.49
68.49
68.52
68.53
68.47
68.39
68.39
68.47
68.50
68.49
68.43
68.42
68.42
68.45
68.39
68.42
68.38
68.35
68.29
68.28
68.28
68.23
68.28
68.40
68.38
68.38
68.38
68.39
68.44
68.39
68.40
68.49
68.46
68.42
68.29
68.20
68.17
68.17
68.19
68.27
68.33
68.35
68.33
68.33
68.38
68.40
68.37
68.34
68.36
68.38
68.43
68.56
68.66
68.69
68.66
68.63
68.59
68.60
68.61
68.52
68.59
68.63
68.65
68.64
68.64
68.63
68.58
68.57
68.55
68.47
68.42
68.43
68.44
68.48
68.52
68.60
68.70
68.75
68.76
68.79
68.85
68.89
68.95
68.97
69.05
69.10
69.10
69.07
69.02
69.01
68.99
68.94
68.89
68.89
68.91
68.95
68.94
68.92
68.95
69.05
69.11
69.11
69.14
69.22
69.28
69.27
69.17
69.20
69.23
69.24
69.26
69.29
69.30
69.30
69.33
69.33
69.36
69.36
69.37
69.36
69.37
69.45
69.47
69.43
69.40
69.38
69.33
69.31
69.36
69.38
69.38
69.39
69.42
69.41
69.39
69.45
69.55
69.45
69.44
69.47
69.49
69.55
69.64
69.67
69.69
69.81
69.90
70.02
70.03
70.06
70.00
69.97
70.07
70.13
70.13
70.12
70.15
70.14
70.16
70.20
70.32
70.39
70.45
70.52
70.48
70.41
70.35
70.33
70.37
70.43
70.46
70.44
70.42
70.45
70.52
70.64
70.74
70.81
70.84
70.87
70.87
70.78
70.72
70.69
70.68
70.64
70.57
70.42
70.29
70.20
70.10
70.00
70.00
70.06
70.10
70.13
70.16
70.10
70.00
69.97
70.00
70.05
70.07
70.09
70.18
70.26
70.35
70.41
70.37
70.32
70.26
70.20
70.23
70.23
70.27
70.38
70.44
70.55
70.62
70.68
70.58
70.52
70.54
70.59
70.64
70.64
70.56
70.32
70.38
70.58
70.85
71.15
71.37
71.57
71.70
71.80
71.78
71.71
71.55
71.29
70.96
70.55
70.02
69.45
68.75
67.92
67.14
66.24
65.34
64.40
63.43
62.43
61.47
60.51
59.58
58.67
57.77
56.90
56.02
55.20
54.49
53.75
53.02
52.26
51.48
50.75
50.08
49.40
48.76
48.15
47.61
47.05
46.52
46.00
45.54
45.09
44.66
44.26
43.90
43.51
43.18
42.86
42.57
42.26
41.97
41.70
41.43
41.18
40.93
40.72
40.50
40.30
40.09
39.90
39.71
39.53
39.37
39.20
39.03
38.88
38.75
38.58
38.43
38.32
38.20
38.12
38.01
37.90
37.79
37.70
37.63
37.54
37.46
37.39
37.31
37.27
37.23
37.18
37.12
37.06
36.99
36.93
36.85
36.79
36.74
36.70
36.65
36.61
36.56
36.53
36.48
36.43
36.40
36.37
36.34
36.31
36.30
36.29
36.26
36.24
36.21
36.20
36.19
36.18
36.18
36.18
36.18
36.18
36.18
36.18
36.17
36.15
36.13
36.11
36.11
36.08
36.08
36.06
36.06
36.06
36.06
36.06
36.07
36.07
36.06
36.08
36.07
36.08
36.08
36.08
36.08
36.05
36.03
36.02
36.02
36.02
36.01
35.99
35.99
36.00
36.00
36.00
35.99
35.99
35.99
35.99
35.99
36.00
35.98
35.98
35.98
35.98
35.98
35.98
35.98
35.98
35.98
35.99
36.00
36.00
35.99
35.99
35.99
36.00
35.99
35.99
36.00
35.99
35.99
35.99
35.98
35.98
35.98
35.98
35.97
35.96
35.96
35.96
35.95
35.96
35.95
35.96
35.97
35.97
35.96
35.96
35.95
35.96
35.95
35.95
35.96
35.96
35.96
35.97
35.98
35.96
35.95
35.95
35.96
35.95
35.96
35.97
35.97
35.98
35.98
35.99
35.99
36.01
36.01
36.02
36.02
36.02
36.01
36.01
36.03
36.03
36.03
36.04
36.05
36.05
36.05
36.05
36.05
36.06
36.05
36.05
36.06
36.05
36.05
36.05
36.05
36.07
36.06
36.06
36.08
36.08
36.10
36.11
36.12
36.13
36.14
36.14
36.14
36.14
36.15
36.16
36.14
36.15
36.15
36.15
36.16
36.17
36.17
36.15
36.17
36.17
36.17
36.18
36.18
36.19
36.21
36.21
36.21
36.22
36.22
36.23
36.22
36.23
36.23
36.23
36.24
36.24
36.24
36.24
36.24
36.24
36.24
36.25
36.27
36.27
36.27
36.27
36.28
36.29
36.30
36.30
36.30
36.31
36.30
36.30
36.30
36.30
36.29
36.30
36.31
36.31
36.31
36.31
36.33
36.34
36.35
36.37
36.40
36.42
36.44
36.44
36.45
36.45
36.45
36.44
36.43
36.42
36.41
36.41
36.42
36.42
36.43
36.44
36.45
36.47
36.48
36.49
36.50
36.51
36.51
36.51
36.52
36.52
36.53
36.53
36.53
36.54
36.55
36.54
36.54
36.55
36.55
36.55
36.56
36.55
36.56
36.57
36.58
36.59
36.59
36.59
36.59
36.59
36.59
36.61
36.62
36.62
36.63
36.63
36.64
36.65
36.65
36.66
36.68
36.67
36.67
36.67
36.67
36.67
36.67
36.67
36.67
36.68
36.68
36.66
36.66
36.64
36.64
36.63
36.64
36.64
36.65
36.65
36.66
36.68
36.70
36.72
36.72
36.75
36.76
36.76
36.76
36.77
36.77
36.78
36.79
36.79
36.79
36.80
36.80
36.80
36.79
36.79
36.79
36.79
36.79
36.79
36.79
36.79
36.79
36.79
36.78
36.79
36.79
36.79
36.78
36.77
36.77
36.78
36.79
36.79
36.80
36.79
36.79
36.81
36.82
36.84
36.84
36.83
36.82
36.81
36.80
36.79
36.79
36.80
36.81
36.81
36.81
36.82
36.82
36.83
36.82
36.84
36.85
36.84
36.85
36.86
36.86
36.87
36.86
36.87
36.87
36.88
36.88
36.88
36.88
36.92
36.93
36.94
36.96
36.98
36.98
36.99
37.00
37.00
37.00
37.01
37.01
37.00
37.00
37.00
37.00
37.01
37.01
37.03
37.04
37.05
37.05
37.07
37.08
37.08
37.08
37.10
37.09
37.09
37.09
37.09
37.09
37.10
37.10
37.10
37.11
37.10
37.10
37.10
37.10
37.11
37.13
37.15
37.17
37.19
37.25
37.42
37.70
38.07
38.39
38.61
38.86
39.14
39.47
39.85
40.20
40.52
40.84
41.14
41.43
41.71
42.03
42.35
42.66
42.96
43.23
43.55
43.90
44.22
44.50
44.72
44.88
45.00
45.25
45.58
45.87
46.18
46.51
46.79
47.12
47.41
47.67
47.93
48.21
48.47
48.70
48.99
49.30
49.44
49.46
49.53
49.57
49.67
49.76
49.87
49.94
49.99
50.09
50.21
50.24
50.29
50.28
50.26
50.28
50.31
50.35
50.38
50.43
50.59
50.78
51.04
51.32
51.56
51.80
52.04
52.27
52.48
52.62
52.78
52.95
53.13
53.30
53.46
53.62
53.78
53.93
54.09
54.26
54.41
54.56
54.68
54.78
54.87
54.94
55.01
55.10
55.16
55.22
55.27
55.31
55.37
55.42
55.49
55.49
55.53
55.58
55.66
55.76
55.83
55.87
55.93
55.99
56.08
56.17
56.26
56.35
56.45
56.54
56.65
56.74
56.86
56.97
57.09
57.19
57.29
57.37
57.45
57.55
57.61
57.64
57.71
57.80
57.90
57.94
58.00
58.03
58.08
58.16
58.25
58.35
58.41
58.43
58.48
58.55
58.63
58.70
58.70
58.74
58.77
58.80
58.85
58.90
58.94
58.99
59.04
59.10
59.19
59.25
59.30
59.34
59.38
59.42
59.47
59.55
59.64
59.73
59.78
59.84
59.90
59.93
59.96
59.99
59.99
60.02
60.07
60.09
60.13
60.17
60.20
60.23
60.28
60.32
60.35
60.36
60.40
60.42
60.47
60.51
60.54
60.58
60.63
60.65
60.69
60.76
60.84
60.91
60.99
61.05
61.09
61.13
61.15
61.20
61.25
61.26
61.25
61.23
61.21
61.22
61.24
61.22
61.26
61.28
61.32
61.36
61.40
61.44
61.47
61.52
61.55
61.60
61.62
61.66
61.70
61.72
61.73
61.76
61.75
61.76
61.77
61.80
61.80
61.77
61.76
61.80
61.84
61.86
61.89
61.90
61.92
61.94
61.94
61.95
61.92
61.96
62.01
62.02
62.05
62.07
62.12
62.18
62.24
62.29
62.37
62.44
62.50
62.54
62.60
62.65
62.70
62.75
62.76
62.77
62.76
62.71
62.70
62.71
62.72
62.73
62.74
62.76
62.82
62.89
62.95
63.03
63.09
63.16
63.21
63.27
63.30
63.32
63.36
63.42
63.46
63.48
63.52
63.56
63.61
63.66
63.69
63.73
63.76
63.82
63.84
63.87
63.90
63.90
63.94
63.95
63.96
63.99
64.05
64.09
64.14
64.19
64.23
64.26
64.28
64.31
64.35
64.38
64.42
64.43
64.43
64.47
64.51
64.57
64.59
64.58
64.59
64.61
64.61
64.63
64.67
64.68
64.69
64.71
64.72
64.72
64.76
64.79
64.84
64.88
64.93
64.96
65.00
65.02
65.05
65.08
65.09
65.11
65.15
65.18
65.20
65.21
65.22
65.23
65.18
65.16
65.13
65.11
65.11
65.13
65.16
65.19
65.21
65.21
65.23
65.27
65.28
65.30
65.31
65.34
65.37
65.40
65.41
65.44
65.48
65.49
65.48
65.50
65.49
65.46
65.46
65.47
65.48
65.50
65.54
65.57
65.56
65.56
65.57
65.59
65.55
65.52
65.43
65.40
65.36
65.22
65.09
65.11
65.14
65.21
65.27
65.30
65.35
65.39
65.43
65.51
65.48
65.42
65.44
65.50
65.50
65.56
65.63
65.71
65.78
65.82
65.77
65.75
65.78
65.66
65.69
65.71
65.65
65.61
65.50
65.39
65.27
65.27
65.31
65.36
65.38
65.37
65.32
65.33
65.38
65.27
65.12
65.04
64.98
65.03
65.11
65.20
65.27
65.37
65.45
65.52
65.59
65.61
65.63
65.66
65.64
65.59
65.58
65.55
65.50
65.52
65.59
65.63
65.59
65.58
65.62
65.71
65.72
65.75
65.85
65.94
65.93
65.86
65.88
65.92
65.98
66.00
66.04
66.10
66.18
66.25
66.29
66.35
66.31
66.25
66.24
66.27
66.28
66.30
66.27
66.32
66.36
66.40
66.44
66.48
66.45
66.40
66.27
66.17
66.09
66.11
66.10
66.14
66.18
66.23
66.28
66.33
66.40
66.45
66.46
66.56
66.62
66.64
66.68
66.75
66.77
66.73
66.70
66.73
66.75
66.72
66.69
66.71
66.70
66.71
66.75
66.73
66.78
66.82
66.85
66.87
66.84
66.81
66.81
66.69
66.63
66.50
66.40
66.36
66.36
66.37
66.45
66.53
66.65
66.76
66.81
66.85
66.92
67.01
67.07
66.97
66.88
66.88
66.87
66.85
66.87
66.86
66.88
66.92
66.94
66.91
66.93
66.96
66.94
66.99
67.00
66.98
66.95
66.98
66.96
66.93
66.95
66.93
66.81
66.73
66.70
66.70
66.75
66.82
66.82
66.73
66.59
66.52
66.49
66.51
66.43
66.40
66.40
66.45
66.45
66.45
66.52
66.62
66.72
66.83
66.82
66.73
66.71
66.69
66.71
66.76
66.81
66.83
66.81
66.75
66.70
66.72
66.78
66.89
66.97
67.03
67.13
67.17
67.19
67.22
67.22
67.21
67.29
67.38
67.39
67.29
67.12
66.99
66.98
67.04
66.98
66.85
66.79
66.85
66.94
67.01
67.07
67.12
67.13
67.12
67.14
67.21
67.30
67.32
67.29
67.30
67.36
67.33
67.37
67.44
67.47
67.38
67.29
67.29
67.35
67.41
67.44
67.47
67.52
67.59
67.62
67.70
67.81
67.88
67.97
68.03
68.07
68.17
68.18
68.13
68.13
68.08
68.07
68.10
68.14
68.17
68.20
68.20
68.22
68.23
68.19
68.15
68.21
68.27
68.31
68.36
68.37
68.39
68.42
68.42
68.46
68.48
68.54
68.56
68.49
68.49
68.51
68.46
68.36
68.29
68.24
68.21
68.18
68.12
68.02
68.04
68.01
67.96
68.01
68.01
67.99
67.96
67.95
68.04
68.10
68.13
68.16
68.20
68.25
68.26
68.22
68.23
68.24
68.22
68.20
68.14
68.13
68.20
68.20
68.14
68.10
68.04
68.04
67.98
68.00
67.99
67.94
67.95
67.97
68.07
68.18
68.30
68.37
68.42
68.49
68.57
68.59
68.62
68.71
68.75
68.71
68.63
68.55
68.53
68.49
68.50
68.55
68.58
68.54
68.49
68.51
68.52
68.53
68.58
68.68
68.71
68.74
68.71
68.78
68.81
68.82
68.82
68.77
68.78
68.77
68.78
68.80
68.84
68.89
68.91
68.98
69.06
69.09
69.12
69.16
69.15
69.13
69.07
69.08
69.11
69.18
69.19
69.18
69.13
69.10
69.05
68.95
68.87
68.85
68.75
68.69
68.78
68.87
68.92
68.97
68.97
68.93
68.90
68.87
68.83
68.77
68.77
68.71
68.70
68.72
68.73
68.71
68.71
68.75
68.78
68.79
68.79
68.78
68.76
68.73
68.76
68.81
68.88
68.93
68.93
69.00
69.07
69.04
68.99
68.95
68.96
68.94
68.91
68.81
68.75
68.68
68.58
68.47
68.42
68.36
68.28
68.32
68.34
68.33
68.29
68.27
68.30
68.34
68.39
68.42
68.42
68.43
68.40
68.39
68.42
68.45
68.39
68.41
68.47
68.38
68.30
68.27
68.20
68.16
68.18
68.15
68.13
68.13
68.19
68.30
68.34
68.39
68.44
68.46
68.49
68.52
68.55
68.62
68.69
68.72
68.77
68.74
68.65
68.62
68.65
68.64
68.58
68.56
68.61
68.58
68.57
68.65
68.78
68.84
68.87
68.92
68.91
68.87
68.85
68.85
68.87
68.86
68.79
68.79
68.78
68.68
68.68
68.71
68.74
68.74
68.72
68.68
68.75
68.82
68.87
68.92
68.94
68.96
68.94
68.92
68.91
68.95
69.00
69.03
69.08
69.12
69.14
69.13
69.13
69.12
69.07
69.00
69.03
69.03
69.07
69.10
69.07
69.06
69.06
69.11
69.13
69.10
69.09
69.07
69.07
69.05
69.10
69.08
69.04
68.97
68.91
68.97
68.96
68.95
68.94
68.97
69.01
69.03
69.07
69.07
69.10
69.04
69.06
69.11
69.14
69.07
69.07
69.09
69.05
69.09
69.14
69.10
69.12
69.16
69.19
69.23
69.26
69.16
69.17
69.19
69.21
69.17
69.22
69.31
69.33
69.30
69.23
69.19
69.16
69.23
69.33
69.42
69.46
69.53
69.60
69.65
69.68
69.70
69.73
69.70
69.68
69.65
69.67
69.61
69.54
69.60
69.65
69.72
69.78
69.87
69.93
69.88
69.84
69.78
69.73
69.73
69.76
69.81
69.86
69.92
69.89
69.86
69.77
69.66
69.58
69.47
69.35
69.35
69.39
69.41
69.46
69.49
69.55
69.60
69.65
69.67
69.70
69.77
69.80
69.75
69.71
69.72
69.75
69.69
69.70
69.61
69.52
69.55
69.58
69.63
69.68
69.74
69.81
69.83
69.82
69.81
69.74
69.65
69.58
69.56
69.56
69.52
69.49
69.47
69.52
69.62
69.68
69.69
69.71
69.72
69.68
69.61
69.37
69.33
69.52
69.78
70.09
70.44
70.68
70.91
71.06
71.15
71.15
71.06
70.90
70.62
70.22
69.76
69.20
68.52
67.77
66.95
66.13
65.20
64.26
63.29
62.32
61.36
60.43
59.48
58.56
57.60
56.71
55.84
55.00
54.20
53.36
52.55
51.79
51.03
50.34
49.65
49.01
48.37
47.78
47.22
46.67
46.16
45.65
45.16
44.71
44.27
43.87
43.45
43.06
42.72
42.40
42.12
41.82
41.55
41.29
41.01
40.78
40.52
40.30
40.10
39.90
39.71
39.52
39.33
39.16
39.00
38.83
38.67
38.51
38.36
38.22
38.08
37.96
37.85
37.73
37.62
37.51
37.37
37.29
37.20
37.12
37.04
36.95
36.85
36.76
36.71
36.64
36.58
36.53
36.47
36.43
36.38
36.34
36.29
36.25
36.21
36.16
36.11
36.05
35.99
35.94
35.90
35.87
35.82
35.80
35.77
35.74
35.73
35.72
35.70
35.69
35.69
35.66
35.64
35.62
35.62
35.60
35.60
35.57
35.56
35.53
35.51
35.50
35.48
35.48
35.47
35.46
35.46
35.46
35.45
35.46
35.47
35.48
35.48
35.47
35.46
35.46
35.47
35.46
35.46
35.47
35.45
35.46
35.46
35.47
35.46
35.47
35.47
35.48
35.47
35.47
35.46
35.44
35.44
35.43
35.42
35.42
35.43
35.44
35.43
35.45
35.46
35.47
35.47
35.47
35.48
35.47
35.47
35.45
35.46
35.45
35.46
35.45
35.45
35.44
35.44
35.45
35.46
35.49
35.50
35.53
35.53
35.53
35.53
35.55
35.56
35.56
35.55
35.55
35.53
35.53
35.50
35.49
35.50
35.51
35.52
35.53
35.53
35.55
35.55
35.56
35.58
35.59
35.60
35.60
35.60
35.61
35.60
35.61
35.61
35.61
35.61
35.60
35.60
35.61
35.62
35.63
35.63
35.63
35.63
35.63
35.62
35.63
35.64
35.64
35.64
35.64
35.66
35.66
35.66
35.67
35.68
35.69
35.69
35.71
35.73
35.73
35.73
35.74
35.76
35.76
35.76
35.77
35.79
35.79
35.80
35.80
35.80
35.79
35.77
35.76
35.74
35.73
35.73
35.75
35.76
35.76
35.76
35.76
35.77
35.78
35.78
35.79
35.81
35.82
35.82
35.83
35.84
35.85
35.86
35.87
35.87
35.86
35.87
35.87
35.86
35.86
35.85
35.86
35.87
35.87
35.88
35.88
35.88
35.89
35.91
35.92
35.94
35.95
35.98
35.98
36.01
36.02
36.02
36.02
36.02
36.02
36.03
36.03
36.03
36.04
36.02
36.02
36.02
36.02
36.02
36.03
36.02
36.02
36.03
36.03
36.04
36.04
36.05
36.06
36.07
36.08
36.09
36.10
36.12
36.14
36.14
36.15
36.16
36.17
36.18
36.17
36.15
36.15
36.14
36.14
36.14
36.14
36.14
36.14
36.14
36.15
36.15
36.17
36.17
36.17
36.18
36.20
36.21
36.21
36.21
36.23
36.22
36.23
36.22
36.23
36.22
36.21
36.21
36.20
36.20
36.21
36.21
36.21
36.23
36.24
36.25
36.27
36.30
36.30
36.32
36.32
36.33
36.34
36.34
36.33
36.31
36.30
36.30
36.30
36.29
36.29
36.29
36.29
36.29
36.29
36.30
36.31
36.33
36.34
36.36
36.37
36.37
36.38
36.39
36.40
36.42
36.41
36.40
36.40
36.40
36.40
36.41
36.40
36.41
36.42
36.42
36.43
36.42
36.43
36.44
36.45
36.46
36.47
36.49
36.50
36.51
36.51
36.51
36.51
36.52
36.51
36.50
36.50
36.50
36.50
36.50
36.50
36.52
36.53
36.53
36.54
36.55
36.55
36.54
36.54
36.54
36.55
36.56
36.59
36.59
36.62
36.63
36.64
36.64
36.65
36.65
36.65
36.65
36.64
36.64
36.66
36.65
36.66
36.65
36.66
36.66
36.66
36.66
36.67
36.69
36.69
36.70
36.72
36.72
36.73
36.74
36.74
36.75
36.74
36.75
36.74
36.74
36.74
36.75
36.74
36.75
36.73
36.74
36.74
36.75
36.74
36.74
36.73
36.73
36.74
36.75
36.76
36.77
36.77
36.79
36.79
36.81
36.81
36.82
36.83
36.85
36.85
36.86
36.85
36.85
36.85
36.85
36.85
36.86
36.86
36.87
36.89
36.89
36.90
36.90
36.91
36.94
36.97
36.99
37.01
37.08
37.28
37.66
38.11
38.46
38.77
39.01
39.30
39.60
39.89
40.18
40.47
40.75
41.04
41.33
41.63
41.92
42.23
42.57
42.91
43.24
43.53
43.85
44.15
44.48
44.81
45.10
45.41
45.66
45.96
46.27
46.47
46.68
46.91
47.14
47.31
47.48
47.71
47.92
48.18
48.43
48.69
48.89
49.01
49.15
49.18
49.19
49.32
49.41
49.58
49.68
49.81
49.92
50.07
50.14
50.17
50.18
50.20
50.21
50.22
50.22
50.24
50.28
50.34
50.40
50.59
50.79
51.03
51.28
51.53
51.80
52.07
52.35
52.62
52.86
53.02
53.14
53.25
53.35
53.47
53.61
53.77
53.91
54.02
54.09
54.17
54.27
54.39
54.50
54.59
54.65
54.72
54.80
54.88
54.96
55.05
55.16
55.28
55.36
55.43
55.50
55.55
55.56
55.61
55.68
55.77
55.83
55.95
56.06
56.17
56.28
56.39
56.51
56.62
56.68
56.73
56.80
56.87
56.93
56.99
57.05
57.13
57.24
57.31
57.35
57.39
57.48
57.54
57.59
57.64
57.69
57.75
57.81
57.84
57.92
57.99
58.06
58.13
58.18
58.23
58.28
58.31
58.37
58.41
58.46
58.50
58.54
58.58
58.61
58.65
58.70
58.76
58.82
58.86
58.90
58.96
59.00
59.02
59.05
59.08
59.12
59.17
59.22
59.28
59.33
59.38
59.44
59.49
59.53
59.55
59.59
59.61
59.65
59.68
59.71
59.76
59.81
59.85
59.89
59.91
59.93
59.95
60.00
60.06
60.12
60.15
60.15
60.16
60.20
60.26
60.33
60.39
60.44
60.50
60.53
60.59
60.64
60.66
60.70
60.74
60.78
60.83
60.89
60.89
60.91
60.89
60.89
60.87
60.90
60.93
60.96
60.96
60.98
61.02
61.09
61.13
61.18
61.23
61.26
61.28
61.25
61.25
61.24
61.21
61.20
61.20
61.21
61.21
61.19
61.21
61.28
61.34
61.41
61.47
61.53
61.57
61.60
61.63
61.66
61.68
61.69
61.73
61.77
61.81
61.84
61.89
61.88
61.90
61.90
61.92
61.94
62.00
62.02
62.08
62.15
62.21
62.26
62.31
62.36
62.41
62.47
62.50
62.56
62.60
62.62
62.65
62.67
62.69
62.71
62.73
62.75
62.78
62.80
62.84
62.88
62.90
62.90
62.87
62.84
62.83
62.86
62.89
62.95
62.99
63.05
63.10
63.11
63.15
63.19
63.21
63.26
63.28
63.33
63.39
63.44
63.49
63.53
63.56
63.59
63.63
63.67
63.69
63.69
63.72
63.76
63.79
63.84
63.87
63.91
63.94
63.97
64.01
64.05
64.08
64.11
64.13
64.14
64.11
64.12
64.14
64.16
64.18
64.22
64.23
64.24
64.27
64.29
64.32
64.36
64.39
64.42
64.45
64.50
64.54
64.59
64.63
64.66
64.69
64.73
64.75
64.75
64.79
64.82
64.86
64.90
64.95
64.97
64.94
64.89
64.88
64.90
64.94
64.98
64.98
64.99
65.03
65.06
65.06
65.08
65.06
65.04
65.04
65.07
65.11
65.12
65.14
65.11
65.11
65.15
65.19
65.23
65.27
65.30
65.34
65.39
65.40
65.38
65.38
65.40
65.42
65.39
65.35
65.36
65.37
65.40
65.42
65.36
65.37
65.37
65.39
65.41
65.44
65.48
65.51
65.51
65.51
65.50
65.50
65.54
65.55
65.48
65.46
65.50
65.55
65.56
65.57
65.57
65.57
65.56
65.55
65.54
65.56
65.56
65.51
65.46
65.47
65.51
65.56
65.51
65.44
65.37
65.21
65.08
65.07
65.06
65.08
64.97
64.89
64.88
64.92
64.85
64.84
64.80
64.81
64.82
64.90
65.00
65.08
65.19
65.32
65.40
65.50
65.53
65.60
65.63
65.54
65.45
65.46
65.50
65.51
65.46
65.46
65.50
65.55
65.56
65.50
65.47
65.44
65.47
65.48
65.55
65.62
65.60
65.58
65.61
65.60
65.51
65.35
65.29
65.25
65.25
65.22
65.21
65.17
65.02
64.98
65.04
65.14
65.21
65.29
65.37
65.45
65.48
65.46
65.47
65.52
65.59
65.62
65.57
65.62
65.69
65.76
65.72
65.69
65.75
65.78
65.81
65.82
65.81
65.78
65.82
65.83
65.89
65.95
66.03
66.06
66.08
66.07
66.02
66.06
66.14
66.21
66.30
66.30
66.20
66.12
66.18
66.20
66.22
66.26
66.31
66.36
66.40
66.44
66.45
66.43
66.43
66.34
66.31
66.36
66.41
66.43
66.43
66.37
66.35
66.22
66.14
66.10
66.04
66.03
66.04
65.96
65.89
65.85
65.87
65.89
65.99
66.11
66.13
66.14
66.07
66.07
66.09
66.05
66.02
66.04
66.04
65.99
65.98
66.02
66.06
66.05
66.12
66.17
66.24
66.30
66.30
66.31
66.40
66.51
66.62
66.72
66.82
66.94
66.99
66.94
66.91
66.85
66.81
66.86
66.90
66.92
66.85
66.73
66.62
66.59
66.63
66.69
66.76
66.81
66.86
66.85
66.91
66.90
66.78
66.72
66.69
66.70
66.71
66.77
66.84
66.92
66.96
66.92
66.84
66.70
66.58
66.51
66.46
66.40
66.36
66.39
66.40
66.40
66.33
66.33
66.34
66.32
66.28
66.30
66.27
66.26
66.23
66.22
66.23
66.30
66.41
66.54
66.63
66.72
66.73
66.76
66.85
66.94
66.94
66.94
66.97
67.03
67.06
67.09
67.15
67.16
67.20
67.15
67.05
67.00
67.01
66.98
66.98
66.91
66.77
66.71
66.71
66.78
66.88
66.96
67.04
67.11
67.21
67.28
67.29
67.24
67.19
67.10
67.05
67.09
67.11
67.14
67.09
67.05
67.07
67.14
67.27
67.39
67.48
67.56
67.62
67.64
67.63
67.59
67.61
67.59
67.57
67.60
67.62
67.59
67.55
67.62
67.67
67.73
67.76
67.81
67.87
67.82
67.91
67.96
67.97
67.94
67.95
67.98
68.07
68.15
68.23
68.23
68.30
68.31
68.27
68.26
68.17
68.07
67.99
67.87
67.78
67.75
67.78
67.84
67.89
67.89
67.88
67.91
67.94
67.96
67.91
67.86
67.78
67.69
67.67
67.65
67.73
67.85
67.97
68.04
68.03
68.02
68.06
67.99
67.88
67.80
67.84
67.84
67.84
67.81
67.94
68.04
68.20
68.25
68.27
68.38
68.49
68.55
68.56
68.53
68.54
68.58
68.61
68.49
68.42
68.46
68.48
68.49
68.41
68.36
68.39
68.44
68.47
68.52
68.59
68.62
68.58
68.53
68.51
68.46
68.46
68.49
68.53
68.53
68.56
68.56
68.62
68.66
68.73
68.79
68.81
68.82
68.83
68.81
68.82
68.78
68.73
68.71
68.67
68.67
68.67
68.74
68.75
68.79
68.78
68.74
68.78
68.78
68.70
68.68
68.68
68.74
68.77
68.76
68.81
68.75
68.70
68.69
68.71
68.77
68.75
68.75
68.72
68.75
68.72
68.66
68.62
68.68
68.71
68.71
68.69
68.62
68.63
68.65
68.63
68.57
68.56
68.57
68.55
68.49
68.42
68.43
68.43
68.36
68.28
68.23
68.21
68.20
68.25
68.31
68.34
68.34
68.32
68.33
68.34
68.32
68.30
68.26
68.25
68.22
68.23
68.26
68.30
68.30
68.36
68.29
68.25
68.23
68.26
68.33
68.31
68.26
68.23
68.21
68.21
68.15
68.10
68.07
68.10
68.13
68.13
68.07
68.02
68.03
68.07
68.17
68.30
68.37
68.38
68.41
68.49
68.56
68.65
68.68
68.71
68.79
68.83
68.81
68.71
68.68
68.64
68.68
68.72
68.65
68.64
68.67
68.69
68.68
68.66
68.65
68.70
68.75
68.81
68.91
68.94
69.00
68.94
68.91
68.92
68.93
68.88
68.83
68.81
68.80
68.76
68.74
68.72
68.72
68.75
68.78
68.73
68.72
68.75
68.77
68.76
68.81
68.89
68.97
69.01
69.02
68.99
68.97
68.91
68.89
68.81
68.82
68.77
68.75
68.74
68.75
68.73
68.67
68.65
68.64
68.63
68.65
68.72
68.78
68.83
68.82
68.79
68.77
68.80
68.82
68.82
68.80
68.80
68.77
68.81
68.89
68.87
68.81
68.84
68.88
68.91
68.87
68.85
68.90
68.92
68.85
68.87
68.81
68.82
68.77
68.75
68.73
68.77
68.82
68.84
68.85
68.87
68.87
68.87
68.79
68.75
68.72
68.74
68.77
68.81
68.84
68.84
68.84
68.79
68.78
68.77
68.78
68.90
69.07
69.24
69.42
69.58
69.71
69.79
69.91
69.99
70.10
70.06
70.07
70.10
70.10
70.10
70.02
69.90
69.81
69.82
69.89
69.96
69.99
70.02
70.10
70.12
70.16
70.18
70.22
70.26
70.21
70.16
70.13
70.09
70.09
70.13
70.10
70.03
69.94
69.86
69.81
69.80
69.78
69.74
69.68
69.64
69.58
69.55
69.45
69.47
69.50
69.50
69.49
69.53
69.58
69.60
69.66
69.72
69.69
69.68
69.66
69.52
69.45
69.59
69.84
70.16
70.43
70.70
70.84
70.98
71.04
71.03
70.93
70.71
70.39
69.99
69.49
68.88
68.22
67.43
66.66
65.75
64.85
63.90
62.95
61.92
60.96
59.88
58.93
57.98
57.06
56.21
55.36
54.52
53.72
52.95
52.14
51.37
50.63
49.87
49.16
48.53
47.92
47.27
46.71
46.22
45.74
45.25
44.76
44.35
43.96
43.55
43.17
42.80
42.45
42.07
41.76
41.48
41.20
40.93
40.67
40.42
40.16
39.92
39.68
39.49
39.28
39.07
38.92
38.74
38.59
38.46
38.33
38.20
38.06
37.95
37.81
37.69
37.58
37.47
37.34
37.24
37.12
37.02
36.92
36.85
36.76
36.68
36.60
36.54
36.47
36.42
36.39
36.33
36.29
36.25
36.20
36.14
36.08
36.03
35.98
35.93
35.87
35.83
35.80
35.75
35.69
35.65
35.63
35.60
35.56
35.53
35.50
35.48
35.46
35.45
35.43
35.41
35.40
35.39
35.36
35.36
35.35
35.34
35.33
35.32
35.31
35.29
35.28
35.28
35.27
35.27
35.24
35.24
35.24
35.23
35.24
35.23
35.22
35.21
35.24
35.24
35.23
35.21
35.22
35.21
35.21
35.21
35.22
35.22
35.21
35.21
35.21
35.21
35.21
35.20
35.20
35.19
35.18
35.18
35.18
35.19
35.18
35.18
35.18
35.18
35.17
35.18
35.18
35.18
35.18
35.17
35.15
35.16
35.17
35.18
35.18
35.18
35.17
35.18
35.18
35.19
35.21
35.23
35.24
35.25
35.25
35.24
35.24
35.24
35.24
35.25
35.25
35.27
35.27
35.28
35.28
35.28
35.28
35.28
35.28
35.28
35.29
35.29
35.29
35.29
35.28
35.28
35.29
35.29
35.28
35.28
35.28
35.29
35.30
35.31
35.31
35.34
35.34
35.35
35.36
35.36
35.37
35.37
35.38
35.37
35.37
35.37
35.37
35.37
35.37
35.37
35.37
35.37
35.37
35.38
35.40
35.42
35.43
35.45
35.47
35.47
35.47
35.48
35.47
35.47
35.47
35.47
35.47
35.47
35.48
35.49
35.50
35.50
35.52
35.53
35.54
35.56
35.57
35.57
35.59
35.58
35.58
35.58
35.58
35.57
35.58
35.59
35.60
35.61
35.61
35.62
35.64
35.64
35.65
35.66
35.65
35.66
35.67
35.69
35.69
35.69
35.69
35.69
35.69
35.69
35.69
35.69
35.68
35.67
35.68
35.68
35.69
35.70
35.70
35.71
35.70
35.72
35.73
35.74
35.74
35.75
35.76
35.77
35.77
35.77
35.79
35.79
35.77
35.76
35.76
35.76
35.76
35.75
35.76
35.76
35.76
35.78
35.79
35.80
35.81
35.81
35.82
35.82
35.83
35.83
35.84
35.83
35.85
35.86
35.87
35.87
35.87
35.87
35.88
35.89
35.89
35.90
35.89
35.90
35.91
35.90
35.91
35.92
35.94
35.95
35.97
35.98
36.00
36.02
36.03
36.04
36.04
36.05
36.05
36.05
36.04
36.02
36.02
36.01
35.99
36.00
36.01
36.01
36.02
36.02
36.02
36.03
36.03
36.04
36.05
36.04
36.05
36.05
36.07
36.08
36.11
36.12
36.14
36.16
36.18
36.18
36.19
36.19
36.18
36.19
36.18
36.16
36.15
36.14
36.14
36.14
36.16
36.18
36.19
36.20
36.23
36.24
36.25
36.25
36.27
36.27
36.27
36.27
36.28
36.27
36.27
36.27
36.26
36.27
36.27
36.27
36.27
36.27
36.27
36.26
36.27
36.27
36.28
36.30
36.30
36.30
36.32
36.34
36.33
36.34
36.34
36.35
36.35
36.36
36.37
36.37
36.39
36.40
36.41
36.43
36.43
36.43
36.43
36.42
36.40
36.41
36.41
36.43
36.45
36.46
36.47
36.48
36.51
36.52
36.53
36.53
36.53
36.53
36.52
36.51
36.50
36.49
36.50
36.50
36.49
36.47
36.47
36.47
36.47
36.46
36.46
36.46
36.46
36.46
36.46
36.45
36.46
36.46
36.46
36.47
36.47
36.48
36.49
36.50
36.51
36.51
36.51
36.51
36.50
36.50
36.50
36.50
36.50
36.51
36.52
36.53
36.54
36.53
36.56
36.57
36.57
36.59
36.59
36.60
36.60
36.61
36.61
36.59
36.61
36.59
36.59
36.59
36.59
36.60
36.62
36.63
36.66
36.68
36.70
36.79
37.05
37.46
37.90
38.20
38.52
38.82
39.14
39.47
39.81
40.13
40.46
40.79
41.09
41.40
41.71
42.01
42.34
42.63
42.90
43.17
43.42
43.67
43.94
44.20
44.44
44.71
45.00
45.27
45.53
45.74
45.92
46.14
46.35
46.59
46.83
47.06
47.31
47.56
47.76
48.02
48.27
48.48
48.76
49.08
49.41
49.66
49.79
49.89
50.02
50.18
50.31
50.40
50.47
50.50
50.50
50.53
50.65
50.65
50.60
50.60
50.63
50.64
50.64
50.63
50.63
50.67
50.85
51.01
51.21
51.47
51.75
52.07
52.34
52.60
52.81
52.98
53.17
53.33
53.47
53.59
53.68
53.80
53.90
54.00
54.10
54.20
54.30
54.42
54.53
54.64
54.72
54.81
54.87
54.95
55.04
55.10
55.18
55.26
55.33
55.40
55.46
55.52
55.58
55.64
55.69
55.74
55.80
55.87
55.94
56.00
56.07
56.13
56.20
56.27
56.33
56.39
56.46
56.53
56.58
56.61
56.67
56.73
56.79
56.84
56.91
56.97
57.03
57.09
57.16
57.19
57.24
57.29
57.35
57.40
57.43
57.48
57.55
57.58
57.61
57.64
57.67
57.73
57.76
57.80
57.84
57.90
57.94
58.00
58.06
58.09
58.13
58.18
58.23
58.27
58.30
58.35
58.40
58.45
58.46
58.48
58.51
58.54
58.59
58.63
58.70
58.72
58.76
58.80
58.87
58.91
58.97
59.02
59.07
59.12
59.19
59.25
59.30
59.36
59.41
59.45
59.48
59.52
59.57
59.64
59.70
59.74
59.77
59.81
59.86
59.91
59.96
59.98
60.00
60.04
60.09
60.10
60.11
60.15
60.17
60.21
60.23
60.28
60.32
60.37
60.41
60.44
60.46
60.47
60.47
60.48
60.55
60.61
60.65
60.67
60.70
60.70
60.66
60.67
60.67
60.70
60.75
60.79
60.83
60.87
60.88
60.90
60.95
61.02
61.05
61.14
61.20
61.24
61.28
61.34
61.39
61.44
61.48
61.52
61.57
61.58
61.60
61.59
61.60
61.64
61.69
61.70
61.73
61.76
61.76
61.76
61.78
61.82
61.84
61.88
61.87
61.90
61.94
61.99
62.01
62.08
62.10
62.15
62.20
62.24
62.24
62.27
62.30
62.31
62.35
62.37
62.41
62.45
62.47
62.50
62.55
62.59
62.60
62.64
62.70
62.75
62.80
62.85
62.89
62.92
62.96
62.98
63.00
63.05
63.11
63.16
63.22
63.28
63.30
63.33
63.35
63.39
63.42
63.44
63.44
63.44
63.49
63.54
63.60
63.63
63.68
63.72
63.76
63.78
63.76
63.77
63.74
63.75
63.79
63.81
63.85
63.90
63.95
63.98
64.00
63.99
63.91
63.85
63.85
63.88
63.90
63.92
63.96
64.01
64.05
64.09
64.13
64.18
64.22
64.26
64.30
64.34
64.40
64.44
64.47
64.50
64.54
64.58
64.62
64.66
64.68
64.68
64.66
64.66
64.65
64.67
64.69
64.72
64.76
64.80
64.85
64.87
64.88
64.89
64.92
64.92
64.94
64.96
64.96
64.98
65.01
65.04
65.05
65.07
65.07
65.07
65.08
65.09
65.11
65.10
65.11
65.14
65.15
65.16
65.19
65.21
65.17
65.17
65.17
65.20
65.22
65.24
65.25
65.28
65.31
65.33
65.33
65.33
65.33
65.33
65.35
65.35
65.34
65.37
65.36
65.24
65.21
65.20
65.20
65.23
65.18
65.18
65.23
65.27
65.30
65.31
65.33
65.35
65.40
65.41
65.43
65.48
65.50
65.54
65.53
65.47
65.45
65.46
65.40
65.40
65.36
65.33
65.25
65.22
65.24
65.24
65.21
65.18
65.21
65.26
65.29
65.24
65.21
65.20
65.18
65.12
65.15
65.17
65.25
65.31
65.34
65.41
65.49
65.55
65.62
65.66
65.63
65.62
65.62
65.61
65.65
65.69
65.72
65.78
65.82
65.83
65.83
65.87
65.92
65.88
65.87
65.88
65.87
65.88
65.89
65.92
65.92
65.87
65.81
65.82
65.80
65.69
65.65
65.55
65.47
65.39
65.37
65.27
65.23
65.27
65.27
65.29
65.36
65.40
65.45
65.49
65.52
65.60
65.67
65.75
65.82
65.82
65.81
65.75
65.73
65.72
65.72
65.77
65.78
65.75
65.75
65.75
65.82
65.87
65.82
65.82
65.86
65.86
65.80
65.70
65.73
65.79
65.86
65.90
65.98
66.07
66.07
66.03
66.03
66.01
66.01
66.01
65.95
65.91
65.95
65.94
65.94
65.98
66.00
66.01
66.01
66.03
66.04
66.00
65.98
65.94
65.85
65.88
65.94
65.95
65.95
65.97
65.94
65.95
65.98
66.04
66.07
66.00
66.00
65.98
65.96
65.93
65.92
65.86
65.86
65.88
65.95
66.02
66.03
65.96
65.91
65.85
65.72
65.68
65.72
65.75
65.71
65.65
65.66
65.75
65.84
65.88
65.91
65.87
65.82
65.70
65.56
65.48
65.43
65.36
65.38
65.37
65.29
65.30
65.33
65.33
65.37
65.42
65.37
65.37
65.43
65.46
65.53
65.57
65.57
65.57
65.48
65.46
65.56
65.67
65.74
65.69
65.62
65.56
65.59
65.66
65.61
65.55
65.44
65.34
65.30
65.37
65.43
65.50
65.61
65.76
65.79
65.73
65.70
65.75
65.75
65.75
65.70
65.63
65.63
65.62
65.54
65.47
65.49
65.56
65.66
65.79
65.82
65.83
65.86
65.91
65.82
65.80
65.73
65.62
65.54
65.50
65.48
65.55
65.58
65.67
65.79
65.88
65.91
65.91
65.95
65.99
66.03
66.03
66.07
66.04
65.97
65.92
65.93
66.01
66.13
66.26
66.36
66.42
66.43
66.39
66.25
66.14
66.17
66.24
66.27
66.30
66.41
66.43
66.43
66.50
66.53
66.60
66.65
66.74
66.85
66.93
66.98
66.96
66.95
66.99
67.09
67.13
67.20
67.24
67.24
67.19
67.23
67.27
67.30
67.39
67.46
67.49
67.40
67.36
67.37
67.36
67.36
67.39
67.43
67.44
67.45
67.52
67.62
67.72
67.78
67.84
67.85
67.93
67.97
68.00
68.04
68.08
68.10
68.11
68.10
68.13
68.17
68.22
68.23
68.23
68.20
68.17
68.08
68.06
68.02
67.98
67.99
68.04
68.05
68.01
68.06
68.10
68.05
68.07
68.12
68.15
68.15
68.13
68.07
68.07
68.08
68.09
68.13
68.16
68.17
68.20
68.24
68.26
68.29
68.27
68.29
68.33
68.37
68.37
68.29
68.20
68.13
68.13
68.13
68.10
68.09
68.06
68.10
68.17
68.18
68.24
68.31
68.36
68.38
68.33
68.30
68.29
68.29
68.26
68.23
68.30
68.37
68.39
68.37
68.39
68.37
68.39
68.36
68.36
68.46
68.52
68.58
68.63
68.68
68.75
68.83
68.87
68.89
68.85
68.78
68.77
68.78
68.77
68.71
68.68
68.62
68.55
68.52
68.57
68.62
68.62
68.64
68.65
68.68
68.68
68.67
68.64
68.67
68.74
68.73
68.71
68.73
68.75
68.71
68.60
68.67
68.70
68.67
68.62
68.59
68.68
68.71
68.71
68.74
68.75
68.75
68.69
68.65
68.58
68.54
68.55
68.59
68.69
68.74
68.73
68.71
68.66
68.66
68.65
68.62
68.62
68.63
68.65
68.58
68.50
68.53
68.62
68.68
68.68
68.68
68.68
68.66
68.62
68.64
68.69
68.67
68.66
68.71
68.81
68.85
68.83
68.76
68.63
68.52
68.52
68.50
68.55
68.55
68.52
68.49
68.38
68.28
68.25
68.20
68.13
68.13
68.13
68.14
68.16
68.17
68.17
68.17
68.20
68.13
68.08
68.07
68.10
68.15
68.24
68.30
68.40
68.46
68.50
68.51
68.59
68.65
68.69
68.71
68.72
68.77
68.73
68.68
68.71
68.79
68.81
68.78
68.77
68.73
68.71
68.69
68.69
68.69
68.65
68.58
68.52
68.49
68.41
68.33
68.30
68.33
68.39
68.36
68.34
68.30
68.33
68.42
68.49
68.54
68.57
68.60
68.68
68.68
68.66
68.61
68.57
68.55
68.63
68.70
68.77
68.75
68.77
68.84
68.87
68.85
68.83
68.75
68.71
68.72
68.74
68.65
68.53
68.46
68.47
68.55
68.62
68.65
68.71
68.78
68.81
68.83
68.85
68.82
68.86
68.96
68.97
69.04
69.13
69.22
69.29
69.35
69.33
69.27
69.23
69.23
69.26
69.28
69.37
69.45
69.49
69.38
69.26
69.25
69.23
69.23
69.31
69.41
69.43
69.52
69.53
69.45
69.41
69.34
69.20
69.20
69.30
69.33
69.39
69.37
69.36
69.45
69.55
69.65
69.71
69.74
69.81
69.76
69.69
69.61
69.58
69.53
69.51
69.52
69.58
69.57
69.63
69.71
69.65
69.66
69.74
69.82
69.87
69.85
69.91
69.97
69.94
69.96
70.02
70.02
69.97
69.97
70.01
70.02
69.94
69.88
69.81
69.73
69.74
69.73
69.72
69.65
69.68
69.79
69.89
69.93
69.94
70.00
70.10
70.15
70.09
70.07
70.09
70.11
70.16
70.13
70.10
70.15
70.14
70.15
70.14
70.07
69.97
69.89
69.81
69.78
69.80
69.80
69.68
69.63
69.79
70.07
70.33
70.61
70.84
71.00
71.10
71.13
71.11
71.00
70.79
70.51
70.10
69.55
68.97
68.26
67.41
66.55
65.71
64.76
63.86
62.86
61.88
60.89
59.95
58.97
57.98
57.09
56.23
55.32
54.46
53.70
52.97
52.24
51.50
50.76
50.03
49.32
48.62
48.00
47.41
46.85
46.29
45.74
45.26
44.81
44.38
43.99
43.61
43.21
42.84
42.49
42.18
41.84
41.55
41.26
40.97
40.74
40.46
40.18
39.97
39.73
39.52
39.33
39.14
38.98
38.80
38.62
38.46
38.33
38.19
38.05
37.91
37.79
37.69
37.56
37.44
37.33
37.23
37.11
37.01
36.92
36.81
36.75
36.67
36.61
36.55
36.50
36.46
36.40
36.35
36.30
36.23
36.19
36.14
36.10
36.05
35.98
35.94
35.89
35.83
35.78
35.73
35.69
35.65
35.62
35.60
35.58
35.56
35.53
35.49
35.45
35.40
35.38
35.37
35.35
35.35
35.31
35.30
35.27
35.25
35.24
35.21
35.19
35.18
35.16
35.15
35.15
35.15
35.15
35.15
35.17
35.17
35.18
35.18
35.17
35.15
35.13
35.12
35.11
35.11
35.10
35.09
35.10
35.11
35.12
35.11
35.12
35.12
35.13
35.11
35.11
35.11
35.11
35.11
35.12
35.12
35.12
35.12
35.12
35.13
35.15
35.16
35.18
35.18
35.20
35.21
35.21
35.21
35.21
35.21
35.21
35.21
35.20
35.20
35.18
35.19
35.18
35.18
35.17
35.16
35.15
35.15
35.15
35.15
35.15
35.16
35.15
35.15
35.14
35.12
35.12
35.12
35.14
35.13
35.12
35.12
35.12
35.12
35.13
35.14
35.15
35.15
35.15
35.12
35.13
35.15
35.15
35.15
35.16
35.18
35.21
35.23
35.24
35.24
35.24
35.24
35.24
35.26
35.27
35.28
35.29
35.30
35.30
35.31
35.31
35.32
35.33
35.34
35.34
35.34
35.34
35.35
35.35
35.34
35.36
35.36
35.36
35.35
35.34
35.34
35.34
35.34
35.33
35.31
35.31
35.33
35.33
35.34
35.35
35.37
35.38
35.40
35.41
35.40
35.40
35.40
35.40
35.40
35.40
35.40
35.41
35.42
35.43
35.44
35.45
35.46
35.47
35.47
35.47
35.47
35.49
35.50
35.53
35.54
35.55
35.55
35.56
35.55
35.56
35.56
35.56
35.55
35.56
35.55
35.56
35.56
35.56
35.56
35.56
35.56
35.56
35.56
35.57
35.60
35.61
35.62
35.63
35.66
35.66
35.66
35.68
35.68
35.67
35.66
35.66
35.64
35.65
35.64
35.63
35.64
35.65
35.65
35.66
35.66
35.66
35.66
35.66
35.66
35.66
35.66
35.66
35.68
35.68
35.69
35.69
35.69
35.71
35.72
35.73
35.74
35.76
35.76
35.77
35.79
35.79
35.79
35.79
35.79
35.79
35.80
35.79
35.79
35.80
35.80
35.82
35.85
35.86
35.89
35.89
35.90
35.91
35.92
35.92
35.94
35.95
35.95
35.97
35.98
35.99
36.00
36.01
36.02
36.03
36.02
36.02
36.02
36.02
36.02
36.02
36.02
36.03
36.04
36.05
36.05
36.06
36.07
36.08
36.08
36.09
36.11
36.10
36.10
36.11
36.12
36.12
36.12
36.13
36.14
36.14
36.16
36.18
36.20
36.22
36.24
36.25
36.26
36.27
36.27
36.27
36.27
36.26
36.24
36.24
36.24
36.23
36.24
36.24
36.24
36.24
36.25
36.26
36.26
36.27
36.27
36.28
36.27
36.28
36.29
36.28
36.28
36.30
36.30
36.31
36.32
36.34
36.37
36.39
36.40
36.41
36.41
36.42
36.43
36.43
36.42
36.41
36.41
36.42
36.43
36.43
36.45
36.44
36.46
36.46
36.46
36.45
36.46
36.46
36.46
36.47
36.49
36.50
36.51
36.52
36.51
36.51
36.51
36.50
36.50
36.50
36.50
36.48
36.48
36.48
36.47
36.48
36.48
36.48
36.49
36.48
36.50
36.50
36.50
36.52
36.54
36.55
36.56
36.57
36.59
36.59
36.60
36.59
36.59
36.58
36.57
36.57
36.56
36.56
36.56
36.56
36.56
36.56
36.56
36.57
36.56
36.56
36.54
36.54
36.53
36.53
36.52
36.53
36.53
36.53
36.56
36.57
36.59
36.59
36.59
36.60
36.60
36.59
36.59
36.59
36.59
36.58
36.59
36.60
36.60
36.62
36.64
36.66
36.69
36.72
36.76
36.77
36.82
36.95
37.20
37.59
37.94
38.23
38.53
38.82
39.07
39.27
39.52
39.74
39.94
40.17
40.38
40.62
40.91
41.23
41.60
41.94
42.26
42.57
42.90
43.22
43.48
43.68
43.86
44.11
44.32
44.55
44.85
45.22
45.56
45.83
46.12
46.40
46.64
46.88
47.11
47.34
47.50
47.70
47.85
48.07
48.37
48.70
49.00
49.32
49.51
49.60
49.69
49.79
49.90
50.05
50.18
50.27
50.42
50.52
50.60
50.64
50.79
50.82
50.79
50.72
50.69
50.70
50.69
50.76
50.83
50.94
51.14
51.41
51.69
51.95
52.24
52.48
52.67
52.85
53.01
53.14
53.27
53.43
53.59
53.72
53.86
53.95
54.05
54.13
54.22
54.31
54.42
54.52
54.63
54.71
54.83
54.91
54.98
55.05
55.11
55.18
55.26
55.33
55.34
55.34
55.38
55.45
55.53
55.61
55.69
55.75
55.84
55.92
56.01
56.12
56.21
56.28
56.36
56.44
56.49
56.56
56.63
56.67
56.72
56.77
56.83
56.90
56.95
57.02
57.09
57.13
57.19
57.25
57.31
57.34
57.39
57.42
57.47
57.51
57.54
57.58
57.62
57.68
57.72
57.77
57.78
57.82
57.84
57.86
57.89
57.92
57.95
58.00
58.03
58.07
58.11
58.15
58.22
58.28
58.34
58.40
58.45
58.51
58.56
58.61
58.64
58.68
58.74
58.79
58.86
58.92
58.97
59.03
59.07
59.12
59.14
59.16
59.19
59.25
59.28
59.33
59.38
59.41
59.44
59.45
59.48
59.54
59.60
59.64
59.69
59.72
59.75
59.77
59.78
59.84
59.90
59.93
59.96
60.00
60.03
60.04
60.04
60.02
59.99
59.93
59.94
59.96
60.00
60.04
60.12
60.25
60.35
60.46
60.56
60.63
60.68
60.74
60.80
60.83
60.83
60.80
60.83
60.86
60.86
60.88
60.91
60.96
61.02
61.06
61.11
61.15
61.21
61.27
61.31
61.36
61.41
61.47
61.51
61.55
61.60
61.66
61.71
61.73
61.77
61.80
61.81
61.82
61.85
61.89
61.92
61.97
62.01
62.06
62.09
62.10
62.08
62.08
62.08
62.12
62.16
62.17
62.21
62.25
62.28
62.30
62.34
62.37
62.38
62.42
62.46
62.47
62.48
62.49
62.53
62.55
62.60
62.64
62.66
62.66
62.70
62.74
62.79
62.83
62.89
62.95
63.00
63.04
63.06
63.08
63.11
63.14
63.18
63.22
63.26
63.28
63.31
63.35
63.40
63.45
63.47
63.50
63.51
63.53
63.56
63.59
63.60
63.63
63.63
63.61
63.63
63.67
63.70
63.76
63.79
63.82
63.85
63.85
63.85
63.87
63.85
63.85
63.87
63.89
63.95
63.98
64.03
64.07
64.10
64.14
64.17
64.18
64.21
64.23
64.24
64.19
64.20
64.21
64.23
64.23
64.27
64.32
64.35
64.38
64.40
64.40
64.38
64.40
64.43
64.41
64.42
64.45
64.49
64.51
64.52
64.53
64.54
64.57
64.59
64.63
64.66
64.70
64.75
64.73
64.73
64.74
64.75
64.78
64.82
64.85
64.88
64.92
64.92
64.92
64.95
64.97
64.98
64.98
64.99
64.98
64.98
65.00
64.97
65.00
65.04
65.08
65.11
65.14
65.17
65.21
65.23
65.21
65.22
65.21
65.20
65.17
65.19
65.22
65.24
65.27
65.29
65.17
65.09
65.12
65.13
65.12
65.10
65.07
65.08
65.13
65.18
65.24
65.30
65.35
65.40
65.42
65.40
65.40
65.40
65.41
65.37
65.30
65.27
65.22
65.23
65.22
65.23
65.18
65.13
65.15
65.08
65.07
65.08
65.14
65.16
65.20
65.19
65.17
65.20
65.25
65.31
65.27
65.24
65.24
65.21
65.23
65.24
65.27
65.27
65.24
65.24
65.21
65.17
65.15
65.16
65.17
65.23
65.21
65.23
65.27
65.30
65.26
65.28
65.30
65.27
65.23
65.26
65.22
65.27
65.33
65.30
65.30
65.35
65.33
65.37
65.43
65.48
65.46
65.38
65.35
65.25
65.21
65.26
65.30
65.28
65.29
65.30
65.38
65.46
65.45
65.34
65.27
65.30
65.30
65.39
65.50
65.51
65.47
65.54
65.51
65.44
65.50
65.53
65.57
65.65
65.69
65.72
65.78
65.73
65.71
65.72
65.68
65.64
65.69
65.74
65.77
65.82
65.76
65.68
65.66
65.67
65.70
65.75
65.66
65.53
65.49
65.44
65.40
65.33
65.30
65.33
65.27
65.22
65.27
65.27
65.31
65.37
65.33
65.39
65.44
65.52
65.65
65.74
65.72
65.62
65.59
65.61
65.54
65.51
65.56
65.55
65.59
65.56
65.52
65.56
65.68
65.73
65.73
65.73
65.75
65.82
65.91
65.89
65.90
65.87
65.85
65.82
65.80
65.88
65.96
66.01
65.96
65.94
65.98
65.96
65.91
65.87
65.78
65.80
65.78
65.78
65.88
65.96
66.03
66.01
66.00
66.09
66.14
66.09
66.11
66.12
66.13
66.17
66.24
66.29
66.40
66.49
66.56
66.63
66.60
66.59
66.57
66.59
66.64
66.72
66.74
66.80
66.88
66.93
66.97
66.94
66.81
66.70
66.66
66.64
66.64
66.67
66.72
66.78
66.84
66.74
66.69
66.72
66.75
66.70
66.73
66.78
66.85
66.90
66.83
66.83
66.86
66.91
66.98
66.97
67.01
67.09
67.13
67.15
67.04
66.92
66.86
66.83
66.78
66.74
66.69
66.63
66.63
66.69
66.73
66.72
66.69
66.72
66.70
66.63
66.56
66.51
66.46
66.44
66.42
66.40
66.37
66.31
66.29
66.26
66.19
66.20
66.23
66.27
66.37
66.43
66.52
66.55
66.56
66.55
66.51
66.46
66.39
66.44
66.47
66.53
66.56
66.61
66.69
66.78
66.81
66.82
66.79
66.77
66.81
66.88
66.92
66.91
66.93
66.98
67.06
67.07
67.16
67.19
67.23
67.29
67.31
67.38
67.45
67.45
67.49
67.55
67.61
67.61
67.58
67.56
67.47
67.39
67.39
67.42
67.46
67.50
67.55
67.64
67.68
67.68
67.72
67.78
67.80
67.80
67.76
67.74
67.79
67.83
67.81
67.75
67.82
67.84
67.78
67.68
67.65
67.70
67.72
67.73
67.78
67.84
67.81
67.84
67.85
67.83
67.78
67.75
67.76
67.75
67.76
67.69
67.64
67.58
67.52
67.51
67.56
67.59
67.65
67.72
67.76
67.86
67.94
67.97
68.00
68.01
68.06
68.12
68.17
68.18
68.18
68.13
68.04
68.00
67.94
67.88
67.84
67.85
67.86
67.81
67.74
67.72
67.72
67.67
67.68
67.75
67.82
67.85
67.82
67.82
67.86
67.86
67.86
67.91
67.97
68.05
68.10
68.06
67.95
67.96
68.01
68.06
68.07
68.11
68.16
68.23
68.25
68.24
68.26
68.23
68.20
68.21
68.19
68.20
68.21
68.25
68.31
68.32
68.33
68.35
68.36
68.36
68.29
68.27
68.33
68.39
68.42
68.44
68.49
68.46
68.39
68.34
68.36
68.41
68.40
68.36
68.29
68.30
68.36
68.41
68.42
68.46
68.49
68.55
68.61
68.58
68.52
68.53
68.61
68.63
68.61
68.62
68.65
68.69
68.74
68.75
68.78
68.83
68.87
68.89
68.91
68.94
68.97
68.97
68.97
69.00
69.04
69.03
68.97
68.93
68.92
68.91
68.87
68.79
68.75
68.75
68.69
68.70
68.68
68.72
68.70
68.68
68.68
68.71
68.74
68.71
68.75
68.81
68.84
68.87
68.90
68.92
68.81
68.70
68.67
68.66
68.65
68.62
68.58
68.64
68.70
68.70
68.67
68.65
68.73
68.77
68.69
68.60
68.52
68.54
68.52
68.46
68.41
68.46
68.54
68.62
68.65
68.69
68.72
68.71
68.71
68.71
68.71
68.68
68.65
68.65
68.64
68.59
68.54
68.50
68.52
68.49
68.46
68.44
68.43
68.36
68.33
68.36
68.42
68.41
68.39
68.39
68.42
68.44
68.43
68.38
68.32
68.31
68.36
68.40
68.45
68.52
68.65
68.76
68.81
68.81
68.81
68.81
68.85
68.83
68.81
68.73
68.70
68.71
68.74
68.68
68.58
68.52
68.55
68.61
68.53
68.49
68.55
68.58
68.59
68.60
68.62
68.69
68.77
68.78
68.77
68.72
68.76
68.82
68.86
68.90
68.91
68.94
68.97
68.99
68.99
69.04
69.05
69.04
69.10
69.14
69.15
69.13
69.09
69.08
69.06
69.05
69.07
69.09
69.16
69.30
69.42
69.42
69.43
69.46
69.45
69.46
69.45
69.41
69.39
69.33
69.27
69.23
69.27
69.30
69.27
69.26
69.14
69.00
68.90
68.87
68.93
69.00
69.08
69.11
69.16
69.29
69.38
69.46
69.50
69.52
69.50
69.48
69.45
69.49
69.43
69.40
69.42
69.41
69.45
69.48
69.52
69.56
69.62
69.52
69.42
69.35
69.29
69.26
69.23
69.22
69.24
69.26
69.39
69.48
69.47
69.52
69.29
69.26
69.39
69.60
69.86
70.14
70.35
70.50
70.59
70.64
70.60
70.47
70.26
69.95
69.49
69.00
68.43
67.72
66.90
66.07
65.22
64.30
63.36
62.44
61.42
60.41
59.45
58.41
57.46
56.53
55.68
54.75
53.86
53.08
52.28
51.55
50.81
50.03
49.31
48.64
47.97
47.34
46.75
46.22
45.72
45.25
44.77
44.33
43.87
43.48
43.06
42.61
42.24
41.90
41.53
41.24
40.94
40.62
40.33
40.06
39.84
39.62
39.41
39.22
39.01
38.80
38.62
38.44
38.28
38.13
37.98
37.82
37.66
37.54
37.43
37.31
37.21
37.08
36.97
36.85
36.72
36.64
36.53
36.47
36.39
36.30
36.22
36.15
36.08
36.02
35.94
35.88
35.80
35.73
35.69
35.66
35.59
35.53
35.49
35.45
35.41
35.37
35.33
35.30
35.28
35.25
35.21
35.20
35.16
35.17
35.15
35.12
35.10
35.09
35.08
35.06
35.05
35.02
35.00
34.97
34.93
34.92
34.87
34.85
34.82
34.80
34.79
34.79
34.79
34.79
34.81
34.79
34.80
34.81
34.82
34.83
34.82
34.82
34.82
34.82
34.82
34.80
34.79
34.77
34.78
34.77
34.76
34.76
34.75
34.75
34.76
34.78
34.79
34.79
34.81
34.83
34.84
34.85
34.84
34.83
34.82
34.81
34.82
34.82
34.81
34.78
34.77
34.77
34.77
34.77
34.78
34.79
34.80
34.82
34.83
34.82
34.84
34.83
34.83
34.82
34.84
34.84
34.85
34.85
34.86
34.87
34.88
34.89
34.89
34.88
34.89
34.89
34.89
34.89
34.89
34.89
34.89
34.89
34.89
34.89
34.91
34.92
34.92
34.92
34.93
34.95
34.96
34.98
34.99
34.99
34.99
34.98
34.97
34.96
34.97
34.96
34.96
34.96
34.98
34.99
34.99
34.99
34.99
35.01
35.02
35.02
35.03
35.04
35.06
35.08
35.08
35.08
35.10
35.10
35.11
35.11
35.14
35.14
35.14
35.13
35.14
35.14
35.14
35.12
35.11
35.11
35.10
35.11
35.12
35.14
35.14
35.14
35.14
35.15
35.16
35.18
35.19
35.20
35.21
35.22
35.24
35.24
35.25
35.26
35.25
35.25
35.24
35.24
35.24
35.24
35.25
35.27
35.28
35.29
35.31
35.34
35.34
35.36
35.37
35.39
35.40
35.41
35.42
35.44
35.44
35.44
35.44
35.44
35.44
35.46
35.46
35.45
35.45
35.44
35.44
35.45
35.47
35.49
35.50
35.50
35.50
35.50
35.50
35.51
35.53
35.53
35.53
35.52
35.52
35.51
35.52
35.53
35.53
35.51
35.52
35.52
35.51
35.50
35.50
35.50
35.50
35.50
35.51
35.53
35.54
35.55
35.56
35.56
35.57
35.58
35.58
35.57
35.58
35.59
35.59
35.59
35.58
35.57
35.57
35.57
35.58
35.58
35.58
35.59
35.60
35.61
35.63
35.63
35.64
35.65
35.66
35.66
35.68
35.69
35.71
35.73
35.73
35.74
35.74
35.74
35.76
35.76
35.77
35.78
35.79
35.81
35.81
35.82
35.83
35.84
35.85
35.87
35.89
35.89
35.90
35.90
35.91
35.92
35.92
35.94
35.94
35.93
35.92
35.92
35.92
35.92
35.92
35.92
35.92
35.92
35.93
35.94
35.95
35.97
35.98
35.97
35.97
35.98
35.98
35.98
35.98
35.98
35.98
35.98
35.99
36.00
36.00
36.02
36.03
36.03
36.02
36.02
36.01
36.00
35.99
35.98
35.98
35.98
35.98
35.98
35.99
36.01
36.02
36.03
36.05
36.05
36.05
36.05
36.05
36.04
36.04
36.03
36.05
36.05
36.05
36.07
36.07
36.08
36.10
36.11
36.10
36.10
36.10
36.10
36.10
36.10
36.10
36.11
36.10
36.11
36.11
36.11
36.13
36.14
36.15
36.17
36.18
36.18
36.19
36.21
36.20
36.21
36.21
36.21
36.23
36.24
36.25
36.27
36.28
36.27
36.28
36.27
36.29
36.29
36.29
36.30
36.30
36.32
36.33
36.34
36.34
36.34
36.34
36.33
36.33
36.33
36.33
36.34
36.32
36.32
36.31
36.31
36.31
36.32
36.32
36.32
36.31
36.32
36.33
36.33
36.33
36.34
36.34
36.34
36.34
36.34
36.34
36.34
36.35
36.37
36.39
36.40
36.43
36.44
36.47
36.62
36.87
37.23
37.69
38.05
38.34
38.64
38.90
39.16
39.42
39.73
40.01
40.30
40.61
40.84
41.10
41.33
41.58
41.88
42.18
42.48
42.77
43.08
43.39
43.69
43.96
44.26
44.56
44.80
44.99
45.19
45.39
45.57
45.79
46.09
46.37
46.66
46.95
47.22
47.48
47.76
47.92
48.08
48.33
48.60
48.84
49.09
49.27
49.44
49.46
49.51
49.58
49.65
49.72
49.81
49.92
50.04
50.14
50.21
50.24
50.26
50.26
50.25
50.30
50.32
50.33
50.34
50.39
50.53
50.66
50.84
51.08
51.37
51.66
51.93
52.20
52.43
52.66
52.86
53.04
53.23
53.40
53.56
53.70
53.83
53.95
54.07
54.17
54.27
54.36
54.45
54.54
54.60
54.65
54.71
54.71
54.75
54.79
54.87
54.94
55.00
55.07
55.13
55.20
55.26
55.35
55.42
55.46
55.48
55.52
55.60
55.68
55.72
55.75
55.80
55.85
55.91
55.95
55.99
56.03
56.10
56.17
56.23
56.30
56.36
56.41
56.43
56.47
56.53
56.58
56.62
56.64
56.68
56.73
56.78
56.83
56.90
56.97
57.02
57.06
57.14
57.22
57.28
57.26
57.29
57.34
57.39
57.44
57.50
57.57
57.63
57.67
57.72
57.78
57.87
57.92
57.98
58.06
58.11
58.15
58.19
58.25
58.30
58.35
58.45
58.51
58.56
58.60
58.65
58.70
58.75
58.78
58.81
58.85
58.90
58.93
58.96
59.02
59.09
59.15
59.20
59.25
59.28
59.30
59.32
59.33
59.38
59.42
59.45
59.49
59.52
59.55
59.61
59.64
59.70
59.75
59.79
59.81
59.85
59.89
59.93
59.96
59.99
60.02
60.06
60.09
60.12
60.15
60.19
60.24
60.28
60.31
60.37
60.42
60.47
60.53
60.57
60.60
60.63
60.64
60.67
60.69
60.70
60.72
60.75
60.79
60.83
60.86
60.89
60.90
60.92
60.93
60.93
60.95
60.98
61.01
61.02
61.02
60.96
60.98
61.02
61.04
61.06
61.09
61.12
61.16
61.22
61.25
61.29
61.34
61.39
61.41
61.45
61.48
61.52
61.55
61.57
61.57
61.60
61.67
61.71
61.76
61.83
61.86
61.90
61.94
61.96
61.98
62.00
62.03
62.05
62.07
62.11
62.14
62.18
62.21
62.23
62.28
62.30
62.33
62.37
62.41
62.46
62.50
62.53
62.57
62.63
62.67
62.73
62.79
62.82
62.86
62.90
62.95
63.00
63.02
63.03
63.04
63.05
63.09
63.14
63.18
63.18
63.20
63.23
63.27
63.29
63.32
63.35
63.40
63.45
63.50
63.52
63.54
63.54
63.54
63.56
63.57
63.56
63.58
63.62
63.67
63.73
63.79
63.83
63.87
63.89
63.94
63.97
64.01
64.03
64.04
64.05
64.05
64.00
64.02
64.06
64.02
64.01
64.05
64.08
64.13
64.17
64.22
64.24
64.23
64.26
64.30
64.33
64.34
64.36
64.40
64.44
64.47
64.43
64.45
64.49
64.52
64.56
64.58
64.62
64.65
64.63
64.61
64.62
64.59
64.59
64.62
64.63
64.65
64.67
64.67
64.70
64.75
64.79
64.82
64.85
64.88
64.90
64.89
64.79
64.77
64.78
64.77
64.79
64.76
64.63
64.59
64.59
64.59
64.62
64.65
64.69
64.76
64.77
64.79
64.76
64.69
64.69
64.74
64.76
64.82
64.88
64.95
64.95
64.97
64.92
64.89
64.82
64.82
64.82
64.84
64.88
64.90
64.83
64.81
64.83
64.88
64.88
64.95
64.98
65.01
65.08
65.15
65.21
65.24
65.30
65.35
65.30
65.31
65.30
65.27
65.27
65.28
65.30
65.33
65.33
65.36
65.37
65.41
65.42
65.40
65.38
65.40
65.41
65.42
65.41
65.35
65.29
65.31
65.37
65.40
65.37
65.40
65.46
65.51
65.55
65.58
65.59
65.59
65.58
65.56
65.57
65.53
65.40
65.27
65.12
65.07
65.06
64.91
64.80
64.75
64.77
64.71
64.55
64.51
64.55
64.60
64.69
64.79
64.87
64.93
64.99
64.95
64.94
65.01
65.06
65.00
65.00
64.96
64.98
65.06
65.04
65.04
65.14
65.20
65.24
65.29
65.32
65.32
65.39
65.47
65.54
65.50
65.41
65.33
65.35
65.28
65.19
65.15
65.06
65.04
65.13
65.21
65.28
65.40
65.43
65.50
65.59
65.68
65.72
65.75
65.74
65.71
65.68
65.67
65.74
65.79
65.75
65.77
65.78
65.79
65.80
65.75
65.75
65.80
65.80
65.69
65.71
65.75
65.75
65.75
65.71
65.62
65.57
65.62
65.68
65.72
65.74
65.72
65.74
65.72
65.68
65.67
65.64
65.59
65.60
65.63
65.62
65.67
65.59
65.49
65.34
65.30
65.37
65.31
65.37
65.44
65.50
65.56
65.66
65.70
65.68
65.61
65.62
65.59
65.54
65.57
65.64
65.64
65.62
65.64
65.70
65.75
65.81
65.90
66.01
66.09
66.11
66.15
66.22
66.29
66.23
66.07
66.00
66.01
66.09
66.13
66.12
66.15
66.18
66.20
66.15
66.14
66.23
66.30
66.35
66.40
66.38
66.36
66.27
66.20
66.13
66.12
66.08
66.07
66.10
66.16
66.17
66.20
66.26
66.33
66.35
66.35
66.40
66.43
66.43
66.46
66.40
66.40
66.47
66.53
66.53
66.53
66.49
66.53
66.61
66.59
66.49
66.33
66.19
66.20
66.27
66.24
66.23
66.28
66.34
66.32
66.22
66.14
66.22
66.27
66.30
66.30
66.27
66.27
66.27
66.30
66.30
66.38
66.45
66.52
66.61
66.58
66.59
66.55
66.62
66.62
66.56
66.56
66.60
66.66
66.75
66.81
66.93
66.96
66.90
66.81
66.75
66.77
66.81
66.81
66.78
66.76
66.83
66.91
66.97
66.98
66.91
66.85
66.88
66.93
67.03
67.07
67.13
67.14
67.14
67.20
67.20
67.14
67.10
67.01
66.96
66.99
66.94
66.98
67.00
66.96
66.99
67.01
67.03
67.08
67.15
67.23
67.27
67.28
67.33
67.30
67.23
67.19
67.15
67.07
67.01
67.04
67.12
67.12
67.02
66.98
66.94
66.90
66.98
67.03
67.07
67.17
67.21
67.29
67.30
67.38
67.46
67.52
67.59
67.65
67.55
67.43
67.33
67.29
67.30
67.35
67.41
67.41
67.44
67.50
67.59
67.65
67.69
67.71
67.71
67.71
67.68
67.61
67.55
67.52
67.55
67.59
67.64
67.69
67.66
67.68
67.73
67.76
67.78
67.82
67.86
67.86
67.84
67.82
67.89
67.97
68.00
67.97
67.95
67.96
68.00
68.04
67.96
67.85
67.78
67.65
67.60
67.62
67.67
67.68
67.73
67.75
67.81
67.88
67.89
67.86
67.84
67.87
67.94
67.94
67.90
67.91
67.88
67.82
67.85
67.94
67.97
67.97
67.97
67.98
67.98
67.96
67.98
68.01
68.06
67.99
67.91
67.92
67.98
68.05
68.10
68.17
68.23
68.24
68.26
68.26
68.33
68.46
68.55
68.63
68.64
68.58
68.49
68.44
68.38
68.30
68.23
68.20
68.15
68.17
68.19
68.16
68.13
68.16
68.22
68.26
68.26
68.25
68.30
68.26
68.23
68.22
68.23
68.25
68.29
68.34
68.40
68.45
68.46
68.46
68.44
68.39
68.37
68.36
68.33
68.35
68.37
68.36
68.40
68.40
68.36
68.36
68.42
68.49
68.49
68.50
68.51
68.51
68.48
68.52
68.55
68.52
68.43
68.47
68.53
68.55
68.52
68.45
68.46
68.53
68.58
68.62
68.60
68.57
68.52
68.49
68.49
68.48
68.55
68.65
68.68
68.71
68.68
68.65
68.65
68.65
68.65
68.71
68.79
68.79
68.71
68.69
68.75
68.75
68.74
68.65
68.53
68.46
68.46
68.39
68.30
68.24
68.27
68.30
68.33
68.35
68.40
68.48
68.51
68.55
68.57
68.60
68.66
68.73
68.84
68.81
68.65
68.52
68.52
68.57
68.56
68.52
68.48
68.52
68.57
68.63
68.66
68.68
68.66
68.70
68.67
68.59
68.53
68.49
68.46
68.49
68.56
68.60
68.58
68.56
68.57
68.54
68.47
68.42
68.43
68.53
68.58
68.64
68.67
68.67
68.70
68.71
68.75
68.74
68.69
68.67
68.68
68.70
68.77
68.81
68.84
68.87
68.89
68.91
68.85
68.78
68.83
68.80
68.75
68.69
68.66
68.60
68.56
68.49
68.51
68.58
68.67
68.78
68.88
69.01
69.07
69.10
69.13
69.10
69.15
69.18
69.13
69.10
69.09
69.10
69.03
68.97
68.94
68.90
68.88
68.90
68.99
69.02
69.00
68.92
68.91
68.87
68.89
68.92
68.97
69.03
69.04
68.99
68.97
68.98
68.97
69.03
69.05
69.00
68.98
69.00
68.96
68.91
68.86
68.80
68.79
68.82
68.86
68.91
68.99
69.11
69.25
69.31
69.33
69.30
69.25
69.23
69.23
69.18
69.14
69.10
69.00
68.97
69.01
69.04
69.06
69.07
69.09
69.10
69.12
69.08
69.01
68.99
68.90
68.84
68.87
68.91
68.99
68.99
69.00
68.98
69.07
69.20
69.33
69.19
69.13
69.34
69.60
69.84
70.10
70.36
70.53
70.62
70.68
70.63
70.51
70.30
70.00
69.60
69.07
68.47
67.75
66.94
66.07
65.20
64.27
63.27
62.28
61.29
60.32
59.36
58.41
57.47
56.50
55.52
54.67
53.83
53.00
52.21
51.46
50.76
49.99
49.28
48.64
47.98
47.37
46.75
46.19
45.66
45.13
44.68
44.22
43.77
43.32
42.95
42.55
42.18
41.84
41.52
41.23
40.93
40.63
40.36
40.08
39.81
39.57
39.30
39.10
38.89
38.68
38.53
38.33
38.17
38.01
37.83
37.69
37.56
37.41
37.31
37.19
37.05
36.92
36.83
36.74
36.63
36.54
36.45
36.35
36.27
36.18
36.11
36.05
35.97
35.90
35.84
35.76
35.72
35.68
35.62
35.56
35.52
35.46
35.40
35.36
35.30
35.26
35.22
35.18
35.17
35.15
35.11
35.08
35.07
35.05
35.02
34.99
34.96
34.95
34.93
34.92
34.91
34.87
34.85
34.80
34.78
34.76
34.75
34.73
34.73
34.73
34.72
34.72
34.72
34.72
34.72
34.70
34.70
34.70
34.68
34.65
34.63
34.62
34.61
34.60
34.61
34.61
34.62
34.62
34.62
34.62
34.63
34.63
34.63
34.63
34.64
34.65
34.64
34.65
34.65
34.66
34.67
34.67
34.68
34.66
34.65
34.63
34.62
34.61
34.62
34.63
34.64
34.66
34.66
34.68
34.69
34.70
34.70
34.70
34.72
34.73
34.74
34.73
34.74
34.74
34.74
34.74
34.74
34.73
34.74
34.74
34.75
34.76
34.78
34.79
34.80
34.82
34.82
34.82
34.82
34.82
34.83
34.82
34.81
34.79
34.79
34.78
34.79
34.79
34.79
34.80
34.81
34.82
34.82
34.82
34.81
34.82
34.83
34.84
34.84
34.85
34.85
34.86
34.86
34.86
34.89
34.89
34.89
34.89
34.89
34.89
34.89
34.89
34.91
34.90
34.90
34.90
34.90
34.90
34.90
34.91
34.90
34.92
34.93
34.94
34.95
34.95
34.96
34.98
35.00
35.00
35.02
35.01
35.02
35.02
35.02
35.03
35.04
35.05
35.05
35.05
35.04
35.05
35.06
35.06
35.07
35.07
35.08
35.08
35.10
35.11
35.12
35.13
35.15
35.15
35.15
35.16
35.15
35.15
35.15
35.15
35.15
35.15
35.14
35.15
35.15
35.16
35.18
35.19
35.21
35.21
35.22
35.24
35.25
35.25
35.26
35.27
35.28
35.28
35.30
35.31
35.31
35.30
35.31
35.29
35.28
35.27
35.26
35.28
35.28
35.28
35.30
35.32
35.34
35.34
35.37
35.37
35.40
35.38
35.40
35.39
35.38
35.38
35.39
35.39
35.40
35.39
35.40
35.39
35.38
35.40
35.40
35.40
35.41
35.42
35.42
35.41
35.43
35.43
35.43
35.44
35.44
35.45
35.47
35.47
35.48
35.49
35.50
35.50
35.50
35.49
35.50
35.50
35.52
35.53
35.55
35.58
35.60
35.62
35.63
35.65
35.66
35.66
35.66
35.65
35.63
35.62
35.60
35.60
35.60
35.59
35.59
35.60
35.60
35.60
35.62
35.63
35.63
35.63
35.64
35.64
35.63
35.64
35.64
35.64
35.64
35.66
35.66
35.65
35.65
35.66
35.66
35.66
35.66
35.66
35.66
35.66
35.65
35.64
35.65
35.65
35.65
35.66
35.66
35.69
35.69
35.70
35.72
35.73
35.72
35.73
35.73
35.74
35.74
35.74
35.73
35.73
35.73
35.74
35.73
35.73
35.75
35.74
35.74
35.76
35.76
35.77
35.79
35.82
35.82
35.84
35.85
35.85
35.85
35.86
35.85
35.86
35.87
35.85
35.86
35.86
35.85
35.84
35.84
35.85
35.85
35.85
35.85
35.85
35.86
35.87
35.89
35.90
35.92
35.93
35.94
35.94
35.95
35.95
35.95
35.97
35.98
35.98
35.97
35.97
35.96
35.95
35.95
35.95
35.94
35.94
35.93
35.95
35.96
35.97
35.97
35.98
35.99
36.01
36.02
36.02
36.02
36.03
36.04
36.03
36.02
36.03
36.03
36.04
36.04
36.04
36.05
36.05
36.06
36.06
36.07
36.07
36.08
36.09
36.09
36.09
36.08
36.10
36.11
36.11
36.13
36.12
36.13
36.11
36.11
36.11
36.11
36.11
36.11
36.11
36.13
36.14
36.16
36.24
36.43
36.74
37.09
37.44
37.68
37.94
38.24
38.47
38.69
38.98
39.30
39.65
39.88
40.12
40.42
40.73
41.03
41.33
41.62
41.95
42.29
42.60
42.90
43.22
43.55
43.86
44.18
44.50
44.74
44.96
45.22
45.49
45.69
45.93
46.14
46.38
46.62
46.85
47.10
47.34
47.57
47.75
47.97
48.18
48.41
48.68
48.89
48.99
49.01
49.05
49.10
49.15
49.22
49.31
49.44
49.52
49.56
49.69
49.83
49.88
49.88
49.84
49.82
49.84
49.83
49.85
49.90
49.91
49.98
50.09
50.30
50.56
50.82
51.11
51.40
51.66
51.94
52.18
52.43
52.62
52.82
52.97
53.14
53.30
53.45
53.59
53.72
53.82
53.92
54.03
54.14
54.26
54.38
54.49
54.60
54.71
54.81
54.91
55.00
55.07
55.13
55.20
55.26
55.29
55.36
55.41
55.45
55.49
55.55
55.60
55.64
55.71
55.75
55.81
55.87
55.92
55.96
56.00
56.05
56.10
56.16
56.23
56.27
56.32
56.37
56.41
56.45
56.48
56.51
56.55
56.61
56.65
56.68
56.70
56.73
56.74
56.75
56.77
56.80
56.82
56.86
56.91
56.95
56.97
57.02
57.06
57.11
57.16
57.20
57.25
57.29
57.35
57.39
57.44
57.48
57.55
57.61
57.64
57.71
57.76
57.80
57.85
57.90
57.96
58.04
58.12
58.19
58.24
58.27
58.32
58.35
58.39
58.41
58.44
58.49
58.52
58.59
58.65
58.68
58.74
58.80
58.86
58.90
58.96
59.03
59.06
59.12
59.19
59.25
59.30
59.35
59.42
59.48
59.51
59.54
59.54
59.57
59.61
59.65
59.70
59.74
59.79
59.83
59.86
59.90
59.93
59.95
60.00
60.02
60.06
60.10
60.15
60.18
60.24
60.29
60.35
60.39
60.41
60.47
60.53
60.60
60.67
60.72
60.76
60.79
60.84
60.89
60.93
60.96
60.98
61.00
61.03
61.04
61.05
61.05
61.07
61.10
61.12
61.14
61.15
61.15
61.18
61.21
61.25
61.27
61.31
61.33
61.33
61.36
61.41
61.44
61.47
61.50
61.53
61.55
61.60
61.63
61.68
61.73
61.76
61.79
61.81
61.85
61.88
61.89
61.92
61.95
61.97
62.02
62.06
62.11
62.12
62.15
62.21
62.22
62.27
62.30
62.33
62.35
62.39
62.42
62.44
62.48
62.50
62.53
62.54
62.57
62.60
62.65
62.70
62.75
62.82
62.88
62.90
62.93
62.93
62.95
62.96
62.98
62.99
63.02
63.05
63.11
63.15
63.18
63.22
63.25
63.28
63.31
63.32
63.36
63.40
63.43
63.46
63.48
63.50
63.53
63.57
63.61
63.67
63.72
63.76
63.77
63.66
63.68
63.69
63.73
63.78
63.82
63.84
63.85
63.88
63.90
63.92
63.93
63.93
63.97
63.98
64.00
64.03
64.06
64.11
64.16
64.21
64.24
64.25
64.26
64.14
64.13
64.14
64.14
64.18
64.21
64.27
64.34
64.40
64.47
64.51
64.56
64.58
64.62
64.63
64.63
64.65
64.68
64.72
64.75
64.79
64.79
64.77
64.79
64.82
64.86
64.89
64.93
64.97
65.01
65.04
65.08
65.08
65.06
65.06
65.08
65.11
65.14
65.15
65.17
65.19
65.22
65.21
65.18
65.20
65.21
65.24
65.26
65.28
65.26
65.20
65.17
65.18
65.18
65.22
65.23
65.21
65.24
65.26
65.25
65.24
65.24
65.27
65.29
65.29
65.26
65.27
65.30
65.32
65.33
65.33
65.32
65.35
65.33
65.26
65.27
65.31
65.30
65.33
65.38
65.40
65.39
65.30
65.30
65.31
65.33
65.30
65.29
65.30
65.24
65.25
65.24
65.30
65.37
65.41
65.37
65.31
65.29
65.30
65.30
65.22
65.18
65.14
65.09
65.06
65.05
65.10
65.15
65.11
65.07
65.04
65.05
65.13
65.18
65.16
65.17
65.24
65.32
65.30
65.28
65.30
65.34
65.33
65.37
65.33
65.33
65.30
65.27
65.33
65.34
65.37
65.39
65.35
65.25
65.21
65.23
65.30
65.37
65.43
65.49
65.48
65.53
65.51
65.36
65.29
65.27
65.31
65.30
65.32
65.40
65.49
65.54
65.58
65.52
65.56
65.65
65.69
65.69
65.73
65.79
65.82
65.78
65.78
65.79
65.81
65.78
65.80
65.85
65.85
65.84
65.84
65.88
65.95
65.99
66.06
66.06
66.01
65.99
65.89
65.73
65.68
65.66
65.66
65.67
65.59
65.54
65.56
65.62
65.65
65.62
65.56
65.56
65.60
65.66
65.62
65.65
65.65
65.59
65.55
65.64
65.76
65.82
65.80
65.76
65.61
65.50
65.45
65.43
65.38
65.32
65.34
65.25
65.27
65.33
65.41
65.53
65.66
65.75
65.84
65.88
65.91
65.83
65.82
65.82
65.86
65.95
66.04
66.00
65.98
66.03
66.11
66.19
66.29
66.35
66.36
66.33
66.34
66.32
66.32
66.36
66.43
66.46
66.52
66.56
66.59
66.62
66.61
66.62
66.64
66.61
66.61
66.55
66.40
66.42
66.47
66.56
66.65
66.72
66.79
66.78
66.68
66.65
66.69
66.72
66.67
66.67
66.67
66.59
66.56
66.55
66.59
66.63
66.62
66.63
66.66
66.71
66.66
66.56
66.49
66.43
66.36
66.28
66.24
66.25
66.27
66.30
66.32
66.39
66.49
66.58
66.65
66.62
66.55
66.50
66.45
66.41
66.24
66.16
66.17
66.17
66.17
66.13
66.09
66.00
65.99
66.08
66.14
66.17
66.24
66.33
66.32
66.39
66.39
66.35
66.32
66.34
66.36
66.37
66.41
66.34
66.36
66.40
66.47
66.51
66.49
66.54
66.62
66.69
66.80
66.85
66.87
66.94
67.01
67.05
67.01
66.94
66.94
66.94
66.91
66.95
67.01
67.03
66.94
66.87
66.88
66.85
66.81
66.72
66.68
66.65
66.67
66.74
66.87
66.88
66.90
66.93
66.91
66.91
66.94
66.92
66.88
66.86
66.80
66.78
66.83
66.85
66.85
66.85
66.76
66.74
66.80
66.89
67.01
67.05
67.01
67.02
67.07
67.04
67.04
67.08
67.17
67.23
67.29
67.36
67.46
67.56
67.62
67.68
67.74
67.78
67.73
67.68
67.68
67.71
67.72
67.71
67.73
67.71
67.61
67.59
67.55
67.48
67.46
67.47
67.50
67.50
67.54
67.52
67.49
67.54
67.55
67.48
67.45
67.48
67.49
67.49
67.49
67.46
67.44
67.50
67.55
67.62
67.70
67.77
67.79
67.75
67.81
67.82
67.86
67.92
67.99
68.05
68.13
68.13
68.10
68.11
68.07
67.99
67.92
67.88
67.94
67.98
68.01
67.98
67.93
67.81
67.75
67.70
67.70
67.78
67.82
67.86
67.85
67.84
67.81
67.83
67.88
67.86
67.84
67.87
67.90
67.83
67.76
67.78
67.81
67.83
67.75
67.67
67.65
67.66
67.68
67.71
67.72
67.74
67.75
67.75
67.72
67.72
67.77
67.78
67.75
67.72
67.79
67.79
67.83
67.84
67.89
67.94
67.91
67.91
67.90
67.84
67.81
67.85
67.85
67.84
67.91
67.97
68.01
68.03
68.04
68.09
68.17
68.10
68.11
68.14
68.25
68.36
68.46
68.46
68.46
68.48
68.50
68.51
68.42
68.33
68.25
68.22
68.20
68.22
68.26
68.32
68.34
68.34
68.31
68.33
68.37
68.38
68.32
68.28
68.34
68.36
68.39
68.38
68.40
68.46
68.49
68.46
68.45
68.45
68.46
68.39
68.31
68.31
68.36
68.41
68.42
68.39
68.39
68.47
68.52
68.49
68.49
68.54
68.57
68.57
68.54
68.51
68.42
68.42
68.42
68.41
68.43
68.49
68.59
68.67
68.65
68.58
68.55
68.55
68.56
68.58
68.61
68.71
68.75
68.68
68.60
68.58
68.54
68.49
68.41
68.38
68.44
68.49
68.43
68.37
68.34
68.39
68.47
68.48
68.40
68.31
68.27
68.23
68.23
68.24
68.22
68.26
68.35
68.42
68.52
68.62
68.68
68.78
68.82
68.82
68.84
68.87
68.90
68.91
68.88
68.87
68.87
68.91
68.91
68.91
68.95
68.92
68.83
68.71
68.71
68.68
68.66
68.65
68.63
68.65
68.75
68.84
68.93
68.94
68.87
68.79
68.73
68.75
68.77
68.76
68.75
68.72
68.69
68.67
68.68
68.71
68.71
68.67
68.64
68.64
68.58
68.55
68.54
68.50
68.42
68.35
68.27
68.30
68.32
68.30
68.30
68.41
68.44
68.47
68.46
68.45
68.38
68.40
68.43
68.45
68.49
68.49
68.52
68.62
68.70
68.75
68.75
68.74
68.71
68.70
68.78
68.72
68.67
68.67
68.66
68.68
68.75
68.80
68.82
68.78
68.82
68.91
68.88
68.82
68.85
68.84
68.81
68.75
68.77
68.79
68.75
68.76
68.75
68.74
68.65
68.63
68.61
68.61
68.64
68.68
68.71
68.71
68.78
68.81
68.71
68.49
68.63
68.91
69.21
69.52
69.81
70.04
70.20
70.31
70.33
70.29
70.13
69.84
69.46
68.97
68.41
67.76
67.02
66.22
65.37
64.46
63.51
62.55
61.61
60.58
59.55
58.56
57.52
56.59
55.67
54.80
53.98
53.20
52.41
51.71
50.95
50.26
49.53
48.82
48.16
47.50
46.85
46.26
45.70
45.16
44.66
44.16
43.72
43.27
42.87
42.48
42.08
41.76
41.44
41.12
40.84
40.51
40.21
39.94
39.65
39.41
39.17
38.94
38.72
38.53
38.32
38.12
37.97
37.80
37.66
37.53
37.40
37.24
37.12
37.01
36.88
36.77
36.64
36.52
36.40
36.29
36.20
36.10
36.01
35.92
35.85
35.81
35.76
35.71
35.63
35.60
35.56
35.50
35.44
35.37
35.30
35.25
35.21
35.15
35.11
35.08
35.03
34.99
34.95
34.91
34.89
34.87
34.84
34.82
34.79
34.77
34.74
34.73
34.71
34.70
34.67
34.66
34.63
34.60
34.58
34.57
34.53
34.53
34.51
34.50
34.50
34.49
34.50
34.50
34.50
34.50
34.52
34.51
34.50
34.48
34.49
34.47
34.47
34.47
34.46
34.44
34.44
34.44
34.46
34.45
34.44
34.44
34.44
34.45
34.46
34.47
34.47
34.47
34.47
34.47
34.47
34.47
34.47
34.47
34.46
34.45
34.45
34.45
34.44
34.44
34.44
34.44
34.43
34.44
34.44
34.45
34.48
34.50
34.52
34.53
34.54
34.56
34.55
34.56
34.54
34.53
34.52
34.51
34.50
34.50
34.50
34.50
34.52
34.52
34.52
34.53
34.53
34.53
34.55
34.56
34.56
34.57
34.59
34.59
34.60
34.62
34.62
34.62
34.61
34.61
34.62
34.60
34.60
34.58
34.59
34.60
34.59
34.60
34.60
34.61
34.62
34.63
34.63
34.63
34.65
34.65
34.66
34.66
34.65
34.64
34.64
34.64
34.66
34.67
34.67
34.70
34.71
34.72
34.73
34.74
34.74
34.75
34.75
34.74
34.75
34.75
34.76
34.76
34.77
34.79
34.80
34.82
34.83
34.85
34.86
34.87
34.87
34.86
34.87
34.87
34.87
34.87
34.87
34.88
34.87
34.89
34.90
34.92
34.93
34.95
34.95
34.97
34.98
34.99
34.99
35.00
35.01
35.03
35.03
35.03
35.03
35.03
35.04
35.03
35.04
35.02
35.02
35.02
35.02
35.03
35.04
35.06
35.08
35.10
35.11
35.13
35.15
35.16
35.17
35.16
35.16
35.15
35.14
35.13
35.12
35.14
35.15
35.17
35.18
35.20
35.21
35.23
35.24
35.24
35.24
35.26
35.27
35.28
35.28
35.28
35.30
35.31
35.31
35.32
35.32
35.31
35.31
35.31
35.30
35.28
35.28
35.28
35.28
35.30
35.32
35.34
35.35
35.38
35.40
35.40
35.43
35.44
35.44
35.44
35.44
35.42
35.41
35.40
35.39
35.39
35.38
35.37
35.38
35.38
35.38
35.39
35.38
35.38
35.39
35.40
35.41
35.43
35.44
35.45
35.44
35.45
35.46
35.46
35.47
35.47
35.47
35.47
35.46
35.46
35.45
35.46
35.47
35.47
35.47
35.47
35.49
35.50
35.53
35.54
35.56
35.58
35.60
35.61
35.63
35.63
35.63
35.63
35.63
35.61
35.60
35.59
35.58
35.58
35.60
35.60
35.60
35.60
35.60
35.59
35.60
35.59
35.60
35.60
35.61
35.63
35.63
35.64
35.63
35.64
35.65
35.64
35.64
35.64
35.64
35.63
35.63
35.63
35.63
35.63
35.63
35.63
35.64
35.66
35.67
35.69
35.70
35.70
35.73
35.76
35.76
35.76
35.76
35.76
35.76
35.76
35.77
35.77
35.76
35.75
35.76
35.76
35.76
35.76
35.78
35.79
35.81
35.82
35.83
35.85
35.86
35.88
35.88
35.89
35.89
35.89
35.89
35.89
35.90
35.91
35.91
35.90
35.92
35.91
35.90
35.89
35.90
35.91
35.92
35.93
35.94
35.95
35.98
35.99
36.01
36.02
36.03
36.05
36.05
36.06
36.07
36.08
36.07
36.07
36.06
36.05
36.05
36.04
36.05
36.05
36.05
36.06
36.07
36.07
36.08
36.08
36.08
36.08
36.08
36.08
36.09
36.09
36.09
36.09
36.09
36.09
36.09
36.09
36.08
36.08
36.08
36.11
36.12
36.14
36.15
36.17
36.32
36.63
37.05
37.46
37.79
38.07
38.35
38.66
38.92
39.23
39.50
39.81
40.05
40.34
40.60
40.89
41.18
41.48
41.78
42.10
42.38
42.67
42.98
43.26
43.55
43.86
44.11
44.35
44.61
44.89
45.13
45.39
45.67
45.91
46.11
46.35
46.57
46.77
46.95
47.16
47.39
47.63
47.76
47.93
48.12
48.33
48.56
48.82
48.96
49.08
49.21
49.31
49.40
49.50
49.57
49.66
49.66
49.66
49.67
49.72
49.81
49.79
49.80
49.79
49.78
49.80
49.81
49.85
49.88
49.92
50.08
50.36
50.66
50.99
51.31
51.61
51.88
52.13
52.36
52.55
52.74
52.92
53.08
53.24
53.36
53.49
53.61
53.74
53.87
53.98
54.09
54.20
54.29
54.38
54.47
54.56
54.65
54.75
54.84
54.94
55.02
55.10
55.17
55.23
55.29
55.33
55.36
55.39
55.41
55.45
55.48
55.52
55.58
55.63
55.70
55.78
55.84
55.88
55.91
55.97
56.02
56.09
56.14
56.21
56.24
56.29
56.34
56.39
56.42
56.47
56.51
56.55
56.58
56.61
56.64
56.68
56.73
56.78
56.81
56.84
56.89
56.93
56.93
56.95
56.97
57.00
57.09
57.16
57.22
57.28
57.28
57.31
57.35
57.41
57.45
57.48
57.54
57.61
57.64
57.71
57.78
57.84
57.88
57.93
57.96
57.99
58.00
58.03
58.09
58.17
58.23
58.27
58.31
58.38
58.43
58.49
58.54
58.59
58.65
58.70
58.74
58.77
58.80
58.82
58.83
58.83
58.83
58.82
58.85
58.88
58.91
58.94
58.97
59.01
59.04
59.11
59.17
59.25
59.32
59.37
59.43
59.48
59.52
59.57
59.62
59.67
59.73
59.78
59.84
59.90
59.96
59.99
60.04
60.06
60.09
60.12
60.13
60.15
60.18
60.20
60.24
60.28
60.34
60.40
60.47
60.54
60.60
60.63
60.64
60.64
60.65
60.68
60.70
60.73
60.77
60.81
60.85
60.89
60.95
60.99
61.02
61.05
61.08
61.09
61.12
61.15
61.18
61.21
61.25
61.29
61.33
61.35
61.38
61.43
61.47
61.51
61.56
61.58
61.62
61.66
61.69
61.72
61.73
61.76
61.82
61.86
61.87
61.87
61.89
61.92
61.96
61.98
62.00
62.02
62.05
62.08
62.12
62.15
62.17
62.20
62.22
62.24
62.26
62.25
62.27
62.29
62.34
62.38
62.41
62.46
62.51
62.57
62.62
62.66
62.70
62.71
62.73
62.76
62.80
62.86
62.88
62.92
62.95
62.97
62.98
63.00
63.02
63.05
63.00
63.00
63.05
63.02
63.05
63.08
63.14
63.19
63.24
63.28
63.28
63.32
63.37
63.43
63.47
63.53
63.56
63.60
63.63
63.66
63.69
63.72
63.76
63.77
63.80
63.83
63.87
63.88
63.91
63.94
63.98
64.01
64.05
64.09
64.12
64.15
64.14
64.14
64.14
64.14
64.15
64.17
64.19
64.23
64.21
64.23
64.25
64.25
64.27
64.30
64.28
64.23
64.19
64.18
64.18
64.18
64.22
64.27
64.32
64.34
64.37
64.40
64.42
64.45
64.47
64.51
64.50
64.53
64.50
64.49
64.50
64.48
64.50
64.51
64.57
64.56
64.56
64.56
64.54
64.59
64.63
64.67
64.72
64.75
64.76
64.78
64.78
64.76
64.77
64.79
64.81
64.82
64.86
64.91
64.93
64.92
64.95
64.98
64.98
65.00
65.02
65.01
64.98
64.98
64.99
64.98
65.02
65.04
65.08
65.10
65.05
65.00
64.99
64.98
64.98
64.98
65.01
65.05
65.08
65.02
64.98
64.95
64.95
64.93
64.92
64.95
64.99
65.04
65.05
64.94
64.76
64.71
64.68
64.57
64.52
64.58
64.69
64.71
64.75
64.79
64.88
64.98
64.98
65.00
65.06
65.12
65.15
65.16
65.16
65.18
65.21
65.26
65.27
65.30
65.25
65.18
65.20
65.17
65.16
65.16
65.18
65.18
65.16
65.11
65.11
65.11
65.11
65.11
65.08
65.14
65.21
65.29
65.30
65.37
65.43
65.48
65.55
65.56
65.50
65.53
65.58
65.62
65.62
65.64
65.69
65.72
65.74
65.70
65.64
65.56
65.49
65.38
65.31
65.35
65.38
65.30
65.27
65.10
65.05
65.02
65.01
65.11
65.17
65.21
65.26
65.25
65.24
65.26
65.19
65.14
65.11
65.15
65.18
65.19
65.24
65.33
65.37
65.42
65.50
65.59
65.59
65.59
65.64
65.66
65.67
65.67
65.71
65.73
65.77
65.74
65.58
65.41
65.37
65.33
65.32
65.33
65.29
65.30
65.38
65.41
65.39
65.36
65.43
65.50
65.52
65.45
65.42
65.38
65.31
65.21
65.12
65.08
65.13
65.21
65.33
65.44
65.59
65.72
65.78
65.82
65.85
65.91
65.95
66.01
66.05
65.95
65.88
65.85
65.82
65.78
65.79
65.85
65.90
66.01
66.11
66.14
66.20
66.24
66.27
66.27
66.22
66.23
66.25
66.32
66.36
66.44
66.51
66.59
66.59
66.56
66.56
66.54
66.50
66.47
66.42
66.40
66.45
66.49
66.44
66.38
66.41
66.39
66.36
66.35
66.37
66.39
66.43
66.49
66.57
66.62
66.65
66.75
66.81
66.82
66.75
66.69
66.59
66.60
66.56
66.49
66.47
66.44
66.43
66.41
66.43
66.49
66.55
66.65
66.68
66.66
66.67
66.72
66.79
66.88
66.90
66.89
66.94
66.94
66.91
66.94
66.98
66.96
66.88
66.86
66.89
66.90
66.83
66.81
66.79
66.82
66.83
66.75
66.66
66.51
66.40
66.39
66.43
66.49
66.56
66.60
66.64
66.65
66.66
66.63
66.57
66.50
66.46
66.48
66.42
66.33
66.25
66.20
66.17
66.12
66.12
66.17
66.17
66.15
66.20
66.24
66.33
66.29
66.24
66.23
66.27
66.38
66.44
66.45
66.49
66.48
66.46
66.46
66.55
66.64
66.71
66.78
66.75
66.69
66.69
66.61
66.53
66.56
66.62
66.67
66.73
66.74
66.70
66.73
66.65
66.53
66.54
66.56
66.59
66.61
66.58
66.65
66.72
66.68
66.66
66.69
66.79
66.87
66.93
66.99
67.04
67.04
67.05
66.95
66.88
66.87
66.91
66.96
66.94
66.94
66.95
66.98
67.07
67.17
67.20
67.23
67.29
67.33
67.41
67.39
67.37
67.42
67.47
67.51
67.49
67.56
67.57
67.54
67.52
67.48
67.42
67.38
67.42
67.45
67.42
67.43
67.30
67.29
67.35
67.36
67.38
67.43
67.50
67.56
67.62
67.66
67.66
67.64
67.64
67.62
67.64
67.67
67.77
67.83
67.88
67.94
67.97
67.99
67.99
67.94
67.86
67.78
67.75
67.77
67.79
67.81
67.81
67.88
67.96
68.00
68.05
68.08
68.08
68.13
68.17
68.15
68.10
68.04
67.97
67.97
67.96
67.99
68.01
68.00
68.01
68.03
68.00
68.01
68.07
68.13
68.20
68.25
68.27
68.30
68.29
68.36
68.39
68.34
68.22
68.18
68.20
68.22
68.16
68.10
68.14
68.17
68.12
68.13
68.13
68.17
68.25
68.27
68.26
68.20
68.16
68.16
68.18
68.17
68.04
67.98
67.98
67.97
67.96
67.95
68.01
68.07
68.11
68.13
68.09
68.10
68.13
68.16
68.19
68.20
68.25
68.28
68.31
68.33
68.35
68.33
68.38
68.42
68.42
68.38
68.37
68.36
68.33
68.30
68.19
68.15
68.15
68.20
68.20
68.23
68.21
68.17
68.18
68.25
68.26
68.26
68.26
68.26
68.27
68.31
68.38
68.39
68.39
68.40
68.46
68.51
68.56
68.58
68.60
68.58
68.58
68.54
68.48
68.46
68.42
68.42
68.42
68.46
68.51
68.49
68.38
68.28
68.22
68.22
68.20
68.18
68.18
68.20
68.18
68.20
68.19
68.16
68.13
68.13
68.14
68.19
68.22
68.29
68.33
68.36
68.38
68.36
68.34
68.38
68.28
68.21
68.23
68.29
68.33
68.36
68.36
68.39
68.45
68.49
68.49
68.49
68.50
68.52
68.57
68.58
68.62
68.65
68.66
68.65
68.62
68.63
68.69
68.72
68.70
68.71
68.72
68.72
68.68
68.59
68.52
68.46
68.39
68.39
68.33
68.26
68.22
68.20
68.23
68.19
68.19
68.20
68.27
68.38
68.50
68.54
68.53
68.50
68.54
68.60
68.64
68.62
68.59
68.51
68.46
68.45
68.49
68.62
68.72
68.75
68.78
68.84
68.89
68.87
68.82
68.78
68.79
68.81
68.83
68.90
68.89
68.85
68.78
68.74
68.73
68.73
68.73
68.70
68.67
68.66
68.71
68.79
68.81
68.76
68.75
68.72
68.68
68.68
68.65
68.58
68.49
68.44
68.42
68.51
68.57
68.59
68.58
68.55
68.59
68.65
68.62
68.55
68.52
68.50
68.51
68.51
68.50
68.52
68.59
68.59
68.52
68.53
68.58
68.61
68.62
68.64
68.71
68.83
68.89
68.92
68.97
68.96
68.97
68.99
69.01
69.02
69.04
69.04
69.04
69.00
68.92
68.93
68.94
68.91
68.86
68.82
68.81
68.87
68.88
68.80
68.74
68.72
68.72
68.78
68.87
68.97
68.97
69.02
69.07
69.11
69.00
68.90
68.69
68.67
68.84
69.16
69.45
69.76
70.02
70.23
70.38
70.42
70.40
70.29
70.05
69.74
69.35
68.85
68.28
67.59
66.81
66.05
65.21
64.29
63.34
62.42
61.50
60.51
59.53
58.60
57.67
56.80
55.94
55.12
54.29
53.46
52.62
51.79
50.98
50.18
49.47
48.75
48.07
47.41
46.83
46.22
45.67
45.13
44.64
44.18
43.72
43.29
42.84
42.41
42.03
41.68
41.33
40.99
40.68
40.39
40.09
39.80
39.53
39.30
39.06
38.85
38.65
38.46
38.26
38.05
37.88
37.71
37.56
37.39
37.27
37.13
37.01
36.88
36.79
36.69
36.59
36.47
36.37
36.26
36.18
36.08
35.99
35.91
35.85
35.77
35.69
35.60
35.51
35.47
35.40
35.35
35.29
35.24
35.19
35.11
35.06
35.01
34.98
34.94
34.90
34.87
34.83
34.79
34.76
34.73
34.72
34.71
34.70
34.67
34.65
34.63
34.62
34.60
34.57
34.56
34.55
34.55
34.54
34.53
34.51
34.50
34.50
34.50
34.50
34.50
34.49
34.50
34.51
34.52
34.53
34.53
34.54
34.54
34.57
34.55
34.57
34.57
34.57
34.57
34.59
34.58
34.57
34.57
34.56
34.56
34.56
34.56
34.57
34.56
34.56
34.56
34.57
34.57
34.57
34.57
34.57
34.57
34.57
34.57
34.59
34.60
34.62
34.62
34.63
34.64
34.65
34.67
34.66
34.67
34.66
34.68
34.68
34.69
34.71
34.73
34.74
34.76
34.76
34.77
34.76
34.77
34.78
34.80
34.81
34.82
34.83
34.84
34.83
34.84
34.84
34.85
34.86
34.89
34.89
34.91
34.92
34.94
34.95
34.96
34.98
35.00
35.00
35.02
35.02
35.03
35.02
35.02
35.02
35.01
35.02
35.02
35.02
35.02
35.02
35.02
35.02
35.02
35.02
35.02
35.01
35.01
35.01
35.00
35.00
35.02
35.02
35.03
35.04
35.04
35.05
35.06
35.05
35.07
35.08
35.08
35.08
35.08
35.08
35.10
35.10
35.10
35.09
35.09
35.10
35.11
35.11
35.12
35.13
35.14
35.14
35.15
35.15
35.15
35.15
35.15
35.16
35.18
35.18
35.18
35.18
35.18
35.20
35.20
35.22
35.23
35.23
35.23
35.23
35.23
35.24
35.24
35.24
35.27
35.28
35.28
35.28
35.29
35.30
35.31
35.33
35.34
35.36
35.36
35.37
35.37
35.36
35.36
35.35
35.34
35.34
35.34
35.34
35.34
35.34
35.34
35.34
35.34
35.34
35.34
35.36
35.36
35.36
35.36
35.36
35.37
35.37
35.37
35.39
35.40
35.40
35.40
35.40
35.40
35.40
35.40
35.39
35.39
35.40
35.42
35.42
35.43
35.43
35.44
35.44
35.45
35.45
35.45
35.45
35.45
35.45
35.47
35.47
35.48
35.49
35.50
35.48
35.49
35.49
35.50
35.50
35.50
35.50
35.50
35.51
35.51
35.53
35.55
35.56
35.56
35.56
35.57
35.59
35.59
35.60
35.59
35.60
35.58
35.57
35.56
35.56
35.56
35.56
35.56
35.58
35.59
35.59
35.60
35.60
35.60
35.62
35.60
35.60
35.60
35.60
35.62
35.63
35.64
35.65
35.66
35.68
35.68
35.69
35.69
35.69
35.69
35.70
35.70
35.71
35.73
35.72
35.73
35.73
35.75
35.75
35.76
35.76
35.76
35.77
35.77
35.77
35.76
35.76
35.76
35.75
35.76
35.77
35.78
35.79
35.82
35.83
35.85
35.85
35.85
35.85
35.86
35.86
35.88
35.88
35.89
35.89
35.89
35.92
35.91
35.91
35.92
35.92
35.90
35.90
35.89
35.88
35.89
35.89
35.89
35.89
35.91
35.92
35.92
35.94
35.95
35.95
35.96
35.96
35.97
35.97
35.98
35.99
35.98
35.99
36.00
36.00
36.01
36.01
36.01
36.01
36.00
35.99
35.98
35.97
35.97
35.97
35.98
35.98
35.98
35.99
36.02
36.03
36.04
36.05
36.06
36.05
36.05
36.06
36.05
36.05
36.04
36.04
36.03
36.04
36.05
36.05
36.05
36.06
36.08
36.08
36.08
36.09
36.11
36.10
36.11
36.11
36.11
36.11
36.11
36.11
36.11
36.13
36.13
36.13
36.14
36.14
36.12
36.13
36.12
36.12
36.12
36.11
36.13
36.13
36.14
36.14
36.15
36.15
36.15
36.14
36.15
36.15
36.16
36.17
36.18
36.19
36.19
36.20
36.18
36.19
36.20
36.20
36.18
36.18
36.20
36.22
36.24
36.24
36.31
36.51
36.90
37.37
37.75
38.07
38.36
38.66
38.91
39.17
39.43
39.75
40.01
40.26
40.59
40.93
41.21
41.49
41.78
42.07
42.36
42.66
42.95
43.25
43.42
43.59
43.90
44.19
44.47
44.77
45.05
45.35
45.60
45.88
46.11
46.28
46.48
46.78
47.06
47.30
47.45
47.51
47.56
47.69
47.91
48.06
48.21
48.40
48.91
49.61
50.30
50.97
51.79
52.60
53.40
54.17
54.82
55.40
55.94
56.38
56.84
57.29
57.76
58.27
58.74
59.22
59.64
60.07
60.48
60.84
61.20
62.98
67.11
69.33
71.86
73.56
75.22
76.72
78.01
79.10
80.06
80.85
81.53
82.13
82.66
83.13
83.54
83.89
84.18
84.42
84.64
84.81
84.96
85.08
85.18
85.26
85.31
85.35
85.37
85.38
85.37
85.34
85.29
85.22
85.14
85.06
84.98
84.89
84.77
84.67
84.55
84.42
84.29
84.16
84.02
83.87
83.73
83.58
83.42
83.27
83.10
82.95
82.78
82.64
82.48
82.31
82.13
81.98
81.81
81.65
81.48
81.31
81.15
80.98
80.81
80.64
80.48
80.31
80.16
80.01
79.88
79.75
79.62
79.48
79.34
79.22
79.11
78.98
78.85
78.72
78.59
78.46
78.34
78.20
78.06
77.94
77.82
77.70
77.58
77.47
77.35
77.23
77.11
77.01
76.90
76.80
76.70
76.61
76.52
76.43
76.34
76.24
76.15
76.06
75.98
75.88
75.79
75.71
75.63
75.57
75.52
75.47
75.41
75.34
75.25
75.19
75.12
75.05
74.98
74.90
74.83
74.76
74.69
74.61
74.54
74.47
74.41
74.29
74.38
74.59
74.74
74.87
75.03
75.18
75.37
75.56
75.66
75.69
75.73
75.74
75.70
75.68
75.54
75.40
75.24
75.06
74.90
74.75
74.51
74.28
74.00
73.66
73.32
72.99
72.66
72.37
72.09
71.82
71.52
71.19
70.87
70.48
70.14
69.85
69.52
69.21
68.94
68.72
68.42
68.14
67.91
67.71
67.44
67.22
66.96
66.75
66.54
66.35
66.13
65.86
65.61
65.35
65.14
64.86
64.66
64.41
64.19
64.03
63.86
63.75
63.56
63.35
63.19
63.06
62.92
62.80
62.67
62.57
62.46
62.28
62.13
62.01
61.83
61.67
61.52
61.42
61.31
61.17
61.00
60.88
60.77
60.64
60.50
60.34
60.26
60.13
59.98
59.81
59.68
59.59
59.44
59.34
62.41
68.30
72.36
75.44
77.87
79.82
81.33
82.57
83.58
84.40
85.09
85.66
86.15
86.51
86.77
86.94
87.03
87.04
86.97
86.74
88.73
90.57
91.62
92.56
93.36
94.23
94.69
95.05
95.39
95.65
95.82
95.95
96.02
96.03
95.94
95.72
95.50
95.15
94.65
94.21
93.72
93.23
92.53
91.83
91.08
90.46
89.73
89.05
88.11
86.96
85.90
84.83
83.52
82.55
81.40
80.11
79.05
77.69
76.62
75.58
74.37
73.78
72.72
72.19
71.58
70.68
70.03
69.21
68.46
68.03
67.53
67.03
66.48
66.07
65.48
65.01
64.68
64.53
64.02
63.53
63.44
63.21
63.12
62.78
62.60
62.28
61.97
61.83
61.67
61.44
61.31
61.09
60.92
60.81
60.49
60.54
60.36
60.28
60.25
60.11
60.02
59.71
59.51
59.43
59.22
59.01
58.74
58.77
58.59
58.62
58.42
58.31
58.18
58.08
58.04
57.93
57.72
57.64
57.65
57.55
57.40
57.27
57.11
56.81
56.71
56.63
56.37
56.12
56.10
56.12
56.08
56.04
55.81
55.65
55.52
55.42
55.39
55.23
55.12
55.03
54.97
54.84
54.86
54.71
54.56
54.52
54.35
54.20
63.97
70.84
79.84
86.77
92.72
98.75
103.00
106.45
108.52
110.04
111.25
112.19
112.96
113.61
114.74
115.53
116.03
116.33
116.79
117.21
117.54
117.91
118.73
118.99
118.99
118.99
118.99
118.99
118.99
118.99
118.99
118.99
118.99
118.99
118.99
118.99
118.99
118.99
118.99
118.99
118.99
118.99
118.99
118.99
118.99
118.99
118.99
118.99
118.99
118.99
118.99
118.99
118.99
118.99
118.99
118.99
118.99
118.99
118.99
118.99
118.99
118.99
118.99
118.99
118.99
118.99
118.99
118.99
118.99
118.99
118.99
118.99
118.99
118.99
118.99
118.99
118.99
118.99
118.99
118.99
118.99
118.99
118.99
118.99
118.99
118.99
118.99
118.99
118.99
118.99
118.99
118.99
118.99
118.99
118.99
118.99
118.99
118.99
118.99
118.99
118.99
118.99
118.99
118.99
118.99
118.99
118.99
118.99
118.99
118.99
118.99
118.99
118.99
118.76
117.97
117.30
116.64
115.51
114.16
112.47
110.75
108.13
105.10
103.44
101.87
100.55
99.16
98.50
98.06
96.71
95.33
93.04
88.86
82.43
75.71
73.95
73.06
71.64
70.14
69.20
68.04
67.40
67.01
66.07
65.22
64.73
64.55
64.01
63.35
62.80
62.99
63.47
63.57
63.48
62.46
61.62
61.28
61.05
60.94
60.44
59.94
59.97
59.81
59.83
59.97
59.67
59.40
59.22
59.10
58.61
58.38
58.38
59.03
57.86
57.72
57.88
57.79
58.16
58.04
56.64
56.81
56.23
56.11
55.81
55.69
55.09
55.71
55.24
55.10
54.94
55.26
55.43
55.45
54.92
54.49
54.23
53.44
53.28
54.02
53.97
54.13
54.17
53.36
53.04
53.62
53.81
53.15
52.30
52.18
52.01
52.94
53.36
54.05
53.20
