974.16
974.13
974.07
974.03
974.09
974.13
974.06
974.13
974.05
974.18
974.17
974.14
974.10
974.20
974.07
974.12
974.03
973.99
974.15
974.12
974.06
974.14
974.06
974.13
974.11
974.08
974.07
974.11
974.10
974.11
974.12
974.06
974.08
974.14
974.04
974.09
974.16
974.05
974.12
974.16
974.07
974.18
974.02
974.10
973.99
974.06
974.09
974.08
974.12
974.07
974.07
974.11
974.07
973.99
974.02
974.07
974.09
974.03
974.00
974.03
973.94
974.08
974.01
974.01
974.03
973.96
974.04
973.91
973.91
974.01
974.01
974.00
974.00
973.96
974.00
974.03
973.86
973.91
973.90
973.97
974.02
973.92
973.81
973.88
973.94
973.83
973.91
973.88
973.88
973.84
973.81
973.78
973.85
973.85
973.93
973.86
973.81
973.74
973.78
973.76
973.82
973.88
973.80
973.85
973.85
973.77
973.78
973.83
973.84
973.83
973.85
973.86
973.95
973.83
973.85
973.80
973.86
973.85
973.83
973.84
973.85
973.81
973.79
973.74
973.78
973.83
973.77
973.77
973.81
973.77
973.73
973.83
973.77
973.88
973.79
973.85
973.81
973.81
973.86
973.83
973.77
973.79
973.78
973.83
973.82
973.77
973.69
973.79
973.66
973.70
973.72
973.65
973.70
973.76
973.72
973.72
973.74
973.75
973.68
973.75
973.78
973.71
973.75
973.76
973.71
973.84
973.92
973.74
973.91
973.88
973.79
973.86
973.85
973.84
973.83
973.90
973.92
973.84
973.98
973.87
973.99
973.91
973.95
973.97
973.97
973.93
973.98
973.97
973.96
974.01
973.88
973.90
974.03
973.94
973.83
973.84
973.91
973.98
973.94
973.92
973.91
973.91
973.88
973.85
973.86
973.91
973.93
973.93
973.93
973.88
973.81
973.75
973.88
973.85
973.75
973.80
973.81
973.87
973.76
973.82
973.82
973.65
973.74
973.83
973.77
973.70
973.76
973.70
973.67
973.72
973.73
973.77
973.78
973.77
973.77
973.71
973.81
973.70
973.70
973.65
973.67
973.71
973.75
973.61
973.69
973.66
973.63
973.72
973.62
973.57
973.63
973.64
973.54
973.63
973.48
973.58
973.54
973.46
973.58
973.52
973.53
973.54
973.51
973.43
973.39
973.47
973.52
973.49
973.37
973.42
973.44
973.45
973.40
973.42
973.44
973.38
973.45
973.48
973.53
973.46
973.48
973.47
973.54
973.47
973.43
973.56
973.40
973.42
973.38
973.37
973.61
973.54
973.54
973.52
973.53
973.48
973.41
973.42
973.44
973.38
973.46
973.38
973.43
973.48
973.49
973.50
973.54
973.58
973.46
973.49
973.54
973.49
973.53
973.52
973.45
973.51
973.40
973.41
973.48
973.40
973.53
973.46
973.55
973.53
973.47
973.49
973.53
973.48
973.58
973.40
973.63
973.51
973.54
973.60
973.52
973.50
973.52
973.49
973.57
973.50
973.50
973.53
973.46
973.57
973.54
973.43
973.46
973.49
973.47
973.51
973.51
973.45
973.52
973.49
973.49
973.45
973.44
973.40
973.40
973.46
973.50
973.50
973.42
973.45
973.35
973.40
973.37
973.44
973.46
973.48
973.40
973.43
973.40
973.43
973.39
973.40
973.32
973.39
973.42
973.31
973.42
973.36
973.34
973.45
973.37
973.37
973.32
973.34
973.36
973.30
973.31
973.44
973.36
973.34
973.36
973.37
973.29
973.42
973.41
973.39
973.30
973.30
973.37
973.37
973.32
973.35
973.41
973.34
973.38
973.37
973.40
973.37
973.44
973.34
973.34
973.30
973.32
973.33
973.44
973.39
973.32
973.28
973.36
973.37
973.30
973.30
973.34
973.30
973.34
973.37
973.30
973.26
973.25
973.25
973.30
973.32
973.25
973.33
973.29
973.34
973.36
973.27
973.33
973.24
973.28
973.30
973.30
973.28
973.33
973.35
973.42
973.37
973.25
973.39
973.42
973.37
973.36
973.32
973.38
973.45
973.45
973.26
973.35
973.36
973.36
973.34
973.33
973.38
973.37
973.32
973.38
973.43
973.32
973.37
973.42
973.37
973.34
973.33
973.27
973.39
973.39
973.31
973.37
973.37
973.42
973.42
973.49
973.40
973.45
973.40
973.43
973.43
973.48
973.42
973.41
973.43
973.41
973.43
973.52
973.45
973.43
973.57
973.44
973.54
973.48
973.53
973.44
973.48
973.56
973.52
973.55
973.48
973.50
973.51
973.55
973.54
973.46
973.61
973.55
973.50
973.44
973.54
973.54
973.45
973.54
973.49
973.45
973.50
973.54
973.48
973.39
973.42
973.36
973.43
973.38
973.39
973.49
973.40
973.54
973.45
973.46
973.39
973.56
973.47
973.51
973.41
973.45
973.59
973.41
973.49
973.52
973.46
973.49
973.54
973.41
973.46
973.49
973.47
973.52
973.52
973.47
973.39
973.48
973.50
973.42
973.50
973.44
973.44
973.41
973.48
973.54
973.51
973.50
973.48
973.47
973.49
973.47
973.47
973.53
973.45
973.42
973.52
973.51
973.51
973.48
973.41
973.54
973.50
973.46
973.47
973.54
973.45
973.44
973.51
973.41
973.48
973.45
973.45
973.53
973.56
973.56
973.33
973.48
973.50
973.47
973.46
973.45
973.40
973.54
973.39
973.42
973.39
973.43
973.50
973.30
973.43
973.42
973.41
973.38
973.36
973.33
973.37
973.34
973.35
973.30
973.24
973.24
973.29
973.31
973.28
973.24
973.28
973.18
973.21
973.23
973.15
973.12
973.17
973.10
973.03
973.10
973.10
973.07
973.10
973.01
973.02
972.97
972.93
972.94
972.76
972.89
972.77
972.88
972.82
972.81
972.79
972.65
972.75
972.55
972.67
972.62
972.56
972.60
972.42
972.53
972.39
972.29
972.42
972.23
972.35
972.26
972.29
972.21
972.15
972.18
972.10
972.14
972.10
972.06
971.99
972.01
971.99
971.96
971.82
971.78
971.90
971.91
971.86
971.86
971.83
971.79
971.69
971.70
971.75
971.74
971.72
971.69
971.65
971.69
971.64
971.58
971.49
971.55
971.57
971.57
971.59
971.52
971.52
971.48
971.51
971.45
971.57
971.39
971.43
971.39
971.40
971.50
971.42
971.47
971.41
971.27
971.38
971.33
971.34
971.30
971.33
971.28
971.25
971.34
971.23
971.31
971.20
971.21
971.17
971.26
971.25
971.27
971.33
971.30
971.28
971.29
971.30
971.33
971.33
971.29
971.35
971.32
971.36
971.38
971.33
971.35
971.51
971.38
971.32
971.42
971.38
971.33
971.41
971.44
971.51
971.35
971.38
971.38
971.35
971.44
971.44
971.47
971.49
971.41
971.49
971.47
971.62
971.59
971.48
971.53
971.53
971.49
971.57
971.59
971.51
971.49
971.54
971.55
971.51
971.58
971.64
971.66
971.66
971.66
971.62
971.53
971.63
971.52
971.65
971.60
971.62
971.62
971.63
971.59
971.65
971.61
971.64
971.65
971.65
971.67
971.71
971.65
971.58
971.70
971.62
971.59
971.58
971.65
971.65
971.64
971.66
971.63
971.68
971.61
971.61
971.63
971.60
971.57
971.55
971.58
971.61
971.62
971.55
971.64
971.65
971.59
971.59
971.64
971.56
971.52
971.55
971.55
971.60
971.54
971.53
971.47
971.49
971.55
971.49
971.49
971.57
971.59
971.54
971.52
971.49
971.53
971.63
971.58
971.61
971.57
971.53
971.57
971.54
971.56
971.61
971.54
971.49
971.54
971.52
971.54
971.54
971.45
971.51
971.56
971.54
971.52
971.51
971.46
971.51
971.51
971.51
971.52
971.57
971.49
971.56
971.43
971.54
971.48
971.49
971.52
971.43
971.44
971.42
971.46
971.43
971.41
971.52
971.49
971.40
971.42
971.48
971.44
971.48
971.41
971.46
971.42
971.45
971.50
971.47
971.49
971.53
971.50
971.57
971.55
971.55
971.48
971.53
971.57
971.52
971.54
971.50
971.53
971.53
971.50
971.60
971.62
971.62
971.63
971.56
971.62
971.61
971.61
971.70
971.73
971.75
971.69
971.82
971.70
971.68
971.69
971.83
971.79
971.68
971.80
971.67
971.78
971.78
971.66
971.75
971.76
971.84
971.78
971.82
971.81
971.84
971.82
971.83
971.84
971.90
971.83
971.83
971.83
971.79
971.88
971.81
971.90
971.86
971.79
971.86
971.83
971.85
971.84
971.89
971.85
971.91
971.95
971.81
971.88
971.82
971.91
971.92
971.90
971.97
971.87
971.86
971.95
971.97
971.95
971.98
972.00
972.07
971.98
972.04
972.06
972.04
972.03
972.06
972.13
972.11
972.17
972.09
972.19
972.15
972.19
972.22
972.25
972.19
972.28
972.20
972.25
972.25
972.30
972.41
972.37
972.31
972.32
972.30
972.35
972.31
972.36
972.37
972.36
972.37
972.35
972.35
972.31
972.31
972.30
972.30
972.41
972.40
972.40
972.45
972.35
972.39
972.37
972.40
972.33
972.45
972.46
972.40
972.43
972.39
972.37
972.33
972.33
972.33
972.45
972.42
972.37
972.42
972.47
972.36
972.53
972.41
972.47
972.46
972.43
972.38
972.35
972.46
972.52
972.47
972.58
972.47
972.52
972.49
972.58
972.40
972.49
972.55
972.64
972.65
972.62
972.57
972.56
972.60
972.60
972.65
972.61
972.60
972.66
972.60
972.57
972.57
972.48
972.56
972.59
972.47
972.48
972.65
972.56
972.58
972.56
972.53
972.59
972.62
972.60
972.61
972.66
972.64
972.61
972.68
972.64
972.72
972.61
972.67
972.62
972.64
972.66
972.66
972.64
972.70
972.72
972.71
972.76
972.72
972.71
972.76
972.71
972.67
972.67
972.76
972.68
972.66
972.71
972.75
972.70
972.64
972.70
972.73
972.70
972.77
972.74
972.82
972.81
972.84
972.81
972.71
972.75
972.69
972.71
972.70
972.83
972.78
972.68
972.85
972.84
972.79
972.68
972.73
972.87
972.72
972.80
972.75
972.83
972.79
972.79
972.80
972.77
972.65
972.77
972.80
972.78
972.72
972.77
972.77
972.82
972.74
972.84
972.86
972.85
972.80
972.85
972.78
972.80
972.84
972.79
972.78
972.78
972.74
972.81
972.80
972.79
972.80
972.83
972.79
972.72
972.85
972.84
972.77
972.84
972.73
972.76
972.77
972.79
972.76
972.70
972.70
972.72
972.78
972.69
972.81
972.71
972.68
972.77
972.76
972.63
972.82
972.80
972.87
972.77
972.70
972.76
972.79
972.73
972.76
972.86
972.74
972.76
972.83
972.67
972.77
972.74
972.76
972.76
972.76
972.82
972.80
972.74
972.78
972.76
972.76
972.80
972.78
972.82
972.76
972.80
972.80
972.84
972.89
972.82
972.74
972.74
972.79
972.69
972.86
972.69
972.81
972.74
972.77
972.81
972.72
972.84
972.84
972.78
972.83
972.85
972.79
972.77
972.76
972.73
972.72
972.85
972.80
972.77
972.79
972.77
972.79
972.67
972.84
972.79
972.82
972.81
972.75
972.74
972.79
972.84
972.76
972.80
972.77
972.85
972.79
972.80
972.74
972.77
972.83
972.78
972.73
972.85
972.85
972.72
972.78
972.84
972.83
972.75
972.87
972.73
972.82
972.80
972.78
972.79
972.80
972.86
972.71
972.79
972.73
972.84
972.77
972.80
972.86
972.78
972.80
972.76
972.75
972.76
972.86
972.80
972.82
972.85
972.76
972.87
972.86
972.74
972.81
972.78
972.82
972.80
972.80
972.81
972.78
972.75
972.85
972.79
972.82
972.78
972.87
972.89
972.82
972.85
972.81
972.84
972.78
972.78
972.77
972.81
972.86
972.78
972.82
972.88
972.88
972.85
972.83
972.86
972.84
972.89
972.92
972.85
972.77
972.78
972.90
972.93
972.95
972.89
972.87
972.93
972.88
973.01
972.84
972.94
972.87
972.82
972.87
972.96
972.98
972.91
972.90
972.91
972.90
972.92
972.97
972.92
972.84
972.98
972.99
972.90
972.97
973.06
972.92
973.02
973.04
972.92
972.97
972.98
973.04
972.98
972.94
973.02
972.96
973.00
973.02
972.97
973.12
972.99
973.02
972.92
972.99
972.92
973.01
973.02
972.97
973.04
973.02
973.00
973.08
973.11
973.15
972.94
973.06
973.13
973.11
973.06
973.16
973.12
973.02
973.11
972.96
973.04
973.11
973.06
973.08
973.16
973.18
973.18
973.16
973.11
973.09
973.22
973.14
973.14
973.14
973.20
973.18
973.25
973.28
973.20
973.24
973.14
973.21
973.20
973.18
973.20
973.17
973.16
973.20
973.19
973.25
973.17
973.23
973.16
973.27
973.17
973.38
973.30
973.24
973.30
973.22
973.21
973.23
973.32
973.28
973.24
973.16
973.25
973.22
973.19
973.21
973.23
973.17
973.21
973.26
973.31
973.26
973.24
973.24
973.28
973.33
973.26
973.39
973.40
973.40
973.34
973.16
973.20
973.26
973.23
973.27
973.21
973.27
973.19
973.24
973.30
973.21
973.20
973.22
973.31
973.25
973.27
973.23
973.11
973.26
973.16
973.26
973.32
973.28
973.27
973.18
973.17
973.12
973.15
973.22
973.11
973.16
973.15
973.24
973.19
973.22
973.10
973.10
973.11
973.18
973.09
973.07
973.14
973.02
973.06
973.12
973.15
973.13
973.13
973.07
973.03
973.14
973.12
973.05
973.02
973.12
973.08
973.04
973.05
972.99
973.11
972.97
973.02
973.10
972.97
973.01
973.08
973.05
973.09
972.93
972.98
972.98
972.93
972.92
972.96
972.89
972.93
972.93
972.98
972.98
972.94
972.92
972.89
972.94
972.89
972.86
972.89
972.92
972.99
972.93
972.97
972.88
972.96
973.03
972.96
973.00
973.04
972.89
972.86
972.83
972.86
972.79
972.85
972.86
972.90
972.87
972.99
972.82
972.99
972.90
972.83
972.85
972.95
972.96
972.87
972.92
972.90
972.93
972.89
972.94
972.91
972.92
972.89
972.93
972.86
972.91
972.95
972.91
972.94
972.94
972.97
972.93
973.01
972.95
973.03
972.95
972.93
972.95
973.00
973.01
973.01
973.00
972.96
973.08
973.10
973.09
973.07
973.01
973.00
973.15
973.11
973.07
973.16
973.06
973.13
973.26
973.16
973.13
973.18
973.11
973.13
973.15
973.08
973.10
973.15
973.12
973.15
973.08
973.05
973.13
973.13
973.14
973.18
973.05
973.11
973.01
973.10
973.09
973.10
973.11
973.13
973.18
973.20
973.14
973.07
973.03
973.17
973.18
973.24
973.10
973.14
973.14
973.07
973.21
973.23
973.15
973.14
973.23
973.18
973.26
973.11
973.29
973.21
973.19
973.12
973.22
973.15
973.24
973.16
973.18
973.06
973.11
973.18
973.16
973.12
973.18
973.21
973.16
973.14
973.16
973.10
973.15
973.19
973.12
973.18
973.18
973.20
973.16
973.14
973.22
973.19
973.13
973.15
973.16
973.21
973.12
973.13
973.15
973.19
973.22
973.16
973.14
973.12
973.06
973.18
973.09
973.13
973.09
973.08
973.23
973.19
973.16
973.10
973.11
973.11
973.14
973.07
973.13
973.09
973.07
973.04
973.02
973.01
972.98
973.16
972.99
973.00
973.15
973.03
973.06
972.98
973.03
972.94
973.14
973.05
973.02
973.02
973.01
972.93
972.99
972.98
972.97
973.00
972.96
972.87
972.92
972.94
972.94
972.87
973.00
972.97
972.86
973.01
972.98
973.02
972.90
972.96
972.94
972.86
972.99
972.92
972.87
973.03
973.00
972.96
973.00
973.01
972.98
972.98
972.95
972.87
972.80
973.06
973.02
973.00
972.99
972.95
972.94
972.91
973.05
972.94
972.90
972.95
972.93
972.87
972.89
972.98
972.96
972.93
973.05
972.93
972.87
972.91
972.98
972.94
972.83
972.92
972.98
972.90
972.92
972.98
973.01
972.97
973.00
973.02
973.03
973.01
972.99
972.90
973.04
973.04
973.03
972.90
973.02
973.04
973.00
973.05
973.03
972.94
972.91
972.99
972.94
972.94
972.91
972.84
972.91
972.93
972.92
972.92
972.87
972.86
972.95
972.93
972.94
972.90
972.84
972.88
972.92
972.94
972.90
972.92
972.87
972.85
972.80
972.98
972.86
972.84
972.90
972.89
972.84
972.78
972.84
972.87
972.71
972.89
972.80
972.83
972.82
972.84
972.79
972.79
972.77
972.86
972.91
972.78
972.87
972.92
972.82
972.87
972.84
972.85
972.94
972.84
972.87
972.84
972.87
972.80
972.85
972.99
972.90
972.84
972.97
972.91
972.90
972.96
972.97
972.95
972.94
972.90
972.97
972.96
972.99
972.96
972.98
973.02
972.98
972.91
973.03
972.99
972.90
972.92
972.98
972.92
972.95
972.93
972.93
972.99
972.96
972.91
972.98
973.01
973.00
972.97
972.99
973.05
972.97
972.87
973.01
972.99
972.97
972.99
973.00
972.97
972.97
972.97
973.03
973.04
973.04
973.06
973.03
972.96
973.03
973.01
972.97
973.01
972.98
972.95
973.06
973.01
972.93
973.02
973.04
973.05
973.08
972.94
973.04
973.09
972.99
973.02
973.00
973.00
972.96
972.99
973.00
972.98
972.96
972.88
972.99
973.00
973.01
973.02
972.99
972.94
973.05
972.93
972.96
973.03
973.00
973.03
973.00
973.04
973.05
973.04
973.06
972.97
973.06
972.94
973.00
973.04
973.06
972.95
973.08
972.94
972.95
972.97
973.03
972.92
973.05
972.99
973.04
973.05
972.98
973.04
973.11
973.06
973.04
972.95
972.97
973.01
972.99
972.95
973.03
972.97
972.94
972.98
972.93
972.92
973.00
972.97
972.97
972.87
973.03
973.00
973.03
973.05
973.00
973.01
972.96
972.99
973.08
973.04
972.99
973.00
972.98
973.08
972.96
973.00
973.05
973.06
972.98
973.09
973.03
972.98
973.09
973.05
973.05
973.02
973.05
972.96
973.02
973.07
972.95
973.09
973.18
973.14
973.06
973.15
973.12
973.13
973.13
973.11
973.18
973.14
973.15
973.13
973.15
973.21
973.20
973.15
973.19
973.18
973.13
973.17
973.14
973.16
973.14
973.23
973.19
973.21
973.24
973.27
973.19
973.17
973.09
973.18
973.18
973.19
973.12
973.13
973.19
973.21
973.25
973.30
973.20
973.20
973.24
973.17
973.20
973.23
973.14
973.24
973.29
973.14
973.18
973.20
973.30
973.23
973.32
973.25
973.22
973.22
973.24
973.32
973.31
973.21
973.30
973.27
973.26
973.18
973.18
973.15
973.15
973.24
973.18
973.21
973.17
973.19
973.15
973.24
973.20
973.15
973.24
973.10
973.18
973.23
973.11
973.07
973.16
973.12
973.16
973.24
973.22
973.13
973.14
973.18
973.12
973.09
973.07
973.05
973.09
973.13
973.25
973.12
973.18
973.13
973.04
973.09
973.06
973.10
973.06
973.03
973.08
972.98
973.03
972.94
973.05
972.97
973.00
973.00
972.96
973.09
972.95
972.94
973.08
973.00
973.04
973.08
973.06
973.02
973.02
973.00
973.01
973.00
973.04
973.03
972.99
972.87
973.00
972.91
973.00
972.97
973.01
973.02
973.01
973.03
972.97
972.87
973.04
973.06
973.00
972.92
972.96
973.00
972.93
973.05
972.87
972.93
972.93
972.97
972.83
972.90
972.99
973.00
972.92
972.88
972.89
972.89
972.94
972.98
972.96
972.86
972.90
972.78
972.85
972.96
972.90
972.90
972.83
972.91
972.89
972.85
972.86
972.82
972.80
972.79
972.87
972.81
972.81
972.88
972.78
972.83
972.78
972.84
972.92
972.83
972.79
972.79
972.85
972.77
972.72
972.80
972.74
972.82
972.85
972.82
972.71
972.75
972.78
972.77
972.74
972.67
972.79
972.81
972.72
972.79
972.77
972.80
972.73
972.82
972.72
972.75
972.82
972.70
972.72
972.74
972.70
972.67
972.70
972.69
972.71
972.72
972.69
972.64
972.68
972.70
972.71
972.65
972.70
972.62
972.64
972.67
972.58
972.66
972.68
972.67
972.62
972.66
972.63
972.63
972.70
972.67
972.62
972.69
972.54
972.62
972.62
972.59
972.67
972.65
972.62
972.72
972.64
972.72
972.67
972.71
972.60
972.71
972.69
972.65
972.63
972.63
972.57
972.63
972.62
972.62
972.52
972.66
972.59
972.59
972.58
972.63
972.65
972.63
972.58
972.57
972.61
972.61
972.58
972.61
972.55
972.64
972.59
972.70
972.62
972.67
972.59
972.53
972.68
972.62
972.57
972.64
972.71
972.64
972.60
972.69
972.64
972.56
972.49
972.58
972.58
972.63
972.53
972.56
972.61
972.63
972.53
972.55
972.55
972.53
972.60
972.48
972.57
972.62
972.55
972.55
972.49
972.48
972.46
972.56
972.47
972.47
972.53
972.59
972.49
972.46
972.60
972.58
972.59
972.49
972.56
972.49
972.57
972.56
972.56
972.59
972.56
972.53
972.54
972.54
972.49
972.55
972.62
972.56
972.49
972.56
972.42
972.45
972.49
972.57
972.44
972.42
972.47
972.56
972.47
972.41
972.48
972.46
972.46
972.55
972.58
972.60
972.56
972.56
972.42
972.53
972.59
972.57
972.52
972.59
972.46
972.54
972.58
972.54
972.53
972.57
972.54
972.60
972.63
972.61
972.57
972.63
972.63
972.61
972.68
972.65
972.66
972.58
972.61
972.58
972.62
972.61
972.68
972.76
972.62
972.66
972.72
972.66
972.65
972.64
972.73
972.63
972.75
972.78
972.66
972.64
972.78
972.71
972.78
972.81
972.75
972.73
972.82
972.76
972.76
972.79
972.82
972.85
972.83
972.87
972.87
972.84
972.79
972.82
972.85
972.78
972.89
972.80
972.82
972.91
972.86
972.88
972.88
972.87
972.90
972.87
972.87
972.89
972.88
972.81
973.03
972.80
972.88
972.88
972.91
972.92
972.89
972.93
972.78
972.90
972.88
972.97
972.96
972.94
972.82
972.97
972.91
972.83
972.91
972.94
972.97
972.91
972.82
972.89
972.96
972.92
972.95
972.90
972.94
972.96
972.94
972.97
972.95
972.95
973.03
972.94
972.85
972.98
972.92
972.90
972.98
973.01
972.93
972.95
973.00
973.07
972.96
973.03
972.95
972.93
972.95
972.99
972.98
972.96
972.97
972.91
972.93
972.92
972.89
973.03
972.90
972.95
973.02
972.90
972.81
972.99
972.96
972.88
972.92
973.01
972.94
972.88
972.93
972.89
972.90
972.82
972.83
972.87
972.92
972.90
972.91
972.83
972.90
972.93
972.91
972.91
972.83
972.82
972.94
973.03
973.03
973.02
972.95
972.98
972.94
973.00
972.98
972.99
972.95
972.91
972.95
972.93
973.05
972.99
972.95
972.93
973.03
973.00
973.00
972.93
972.98
972.97
973.01
972.93
972.98
973.04
972.94
972.96
973.03
972.98
973.06
972.97
973.00
972.94
973.00
972.98
973.02
973.06
972.97
973.00
973.11
973.00
973.11
972.94
973.00
972.98
973.05
973.05
973.07
973.01
973.06
973.01
972.98
972.96
973.06
973.08
973.08
973.05
973.06
973.05
973.00
973.06
973.01
972.99
972.99
973.08
973.05
973.01
973.08
973.08
973.11
973.14
973.03
973.12
973.11
973.08
973.13
973.13
973.10
973.09
973.15
973.11
973.11
973.14
973.13
973.14
973.07
973.05
973.02
973.12
973.12
973.06
973.16
973.10
973.10
973.15
973.14
973.16
973.10
973.18
973.23
973.13
973.18
973.11
973.12
973.22
973.14
973.21
973.25
973.24
973.20
973.20
973.26
973.19
973.18
973.26
973.22
973.21
973.13
973.23
973.19
973.21
973.20
973.21
973.25
973.27
973.17
973.13
973.18
973.19
973.18
973.23
973.23
973.21
973.21
973.13
973.16
973.15
973.16
973.13
973.12
973.12
973.03
973.06
973.06
973.10
973.12
973.20
973.13
973.05
973.15
973.11
973.17
973.15
973.09
972.99
973.11
973.10
973.05
973.03
973.04
973.09
973.06
973.03
973.03
973.08
973.11
973.08
973.05
973.10
973.07
973.06
973.03
973.05
972.98
973.14
973.00
973.08
973.04
973.01
973.02
973.06
973.06
973.12
972.99
973.05
973.07
972.98
973.06
973.07
973.00
973.11
973.07
973.15
973.14
973.22
973.12
973.14
973.04
973.11
973.12
973.05
973.05
973.11
973.07
973.07
973.11
973.13
973.21
973.07
973.03
973.12
973.06
973.07
973.06
973.09
973.07
973.11
973.09
973.05
973.04
973.13
973.16
973.09
973.07
973.02
973.11
973.00
973.09
973.09
973.04
973.11
973.03
973.10
973.06
973.03
973.07
973.09
973.08
973.05
973.11
973.05
973.06
973.05
973.02
973.13
973.04
973.10
973.06
973.12
973.10
973.13
973.17
973.09
973.19
973.05
973.08
973.04
973.09
973.16
973.07
973.10
973.12
973.06
972.97
973.09
973.05
973.08
973.04
973.11
973.05
973.02
973.10
973.18
973.10
973.00
973.16
972.94
973.07
973.02
973.05
973.04
973.02
972.98
973.10
973.17
973.13
973.10
973.04
973.10
973.02
973.07
973.11
973.10
973.11
973.07
973.06
973.03
973.10
973.07
973.08
973.09
973.06
973.13
973.08
973.14
973.11
973.12
973.13
973.01
973.08
973.05
973.10
973.14
973.07
973.03
973.02
973.08
973.00
973.04
973.04
973.09
973.00
972.93
973.03
973.00
973.06
973.01
973.05
972.90
972.98
973.02
973.05
973.06
972.97
972.99
973.03
973.09
973.07
973.07
972.99
973.05
972.99
973.01
972.96
973.04
973.00
973.12
972.92
973.00
973.01
972.91
972.89
972.86
972.98
972.97
972.91
972.94
972.91
972.93
972.95
973.07
972.97
972.97
973.03
972.90
972.83
972.84
972.94
972.91
972.93
972.97
972.90
972.91
972.87
972.99
972.97
972.93
972.89
972.90
972.91
972.92
972.86
972.94
972.93
972.84
972.88
972.87
972.79
972.86
972.89
972.93
972.84
972.88
972.82
972.88
972.93
972.86
972.86
972.87
972.84
972.86
972.97
972.79
972.80
972.88
973.00
972.79
972.93
972.85
972.88
972.94
972.76
972.84
972.83
972.90
972.92
972.89
972.95
972.85
972.91
972.93
972.89
972.80
972.87
972.95
972.91
972.97
972.94
972.90
972.92
972.79
972.91
972.93
972.90
972.90
972.92
972.86
972.96
972.97
972.95
972.93
972.95
972.95
972.95
973.03
973.06
972.96
973.03
972.99
973.00
973.01
972.98
972.90
972.92
973.01
973.03
972.97
973.06
973.01
972.97
973.09
973.03
973.08
972.99
973.06
973.02
973.01
973.07
972.97
973.01
973.08
973.09
972.97
973.03
973.06
972.91
972.95
972.91
972.94
972.96
972.94
972.97
972.96
973.00
972.99
973.09
972.98
973.03
973.05
973.03
973.02
973.07
972.93
973.12
972.96
972.96
973.04
973.05
972.96
973.05
973.03
972.93
972.97
973.02
972.98
972.97
973.04
973.04
973.04
973.04
973.04
973.04
973.01
973.02
973.00
973.00
972.98
973.02
972.98
972.95
972.93
972.99
972.98
972.99
972.95
972.96
972.99
973.03
972.95
972.94
973.03
973.05
972.99
972.99
972.99
972.98
972.94
973.03
973.06
973.08
973.05
972.99
973.06
973.08
972.97
972.99
972.98
973.06
973.00
973.07
972.95
972.95
972.98
973.02
972.96
973.02
973.09
973.05
973.10
973.04
973.11
973.12
973.08
972.98
973.09
973.09
973.05
973.13
973.09
973.02
973.11
973.08
973.08
973.06
973.11
973.10
973.13
973.06
973.02
973.22
973.09
973.11
973.07
973.10
973.16
972.99
973.09
973.03
973.00
973.09
973.09
973.09
973.02
973.14
973.07
973.01
973.16
973.07
973.10
973.03
973.21
973.06
973.07
973.10
973.08
973.10
973.16
973.10
973.02
973.06
973.02
973.11
973.05
973.16
973.07
973.04
973.04
973.07
973.03
973.02
973.00
973.06
973.01
973.06
973.04
973.19
973.09
973.05
973.11
973.07
973.08
972.99
973.09
973.09
973.06
973.00
973.09
973.06
973.12
973.15
973.05
973.10
973.01
973.05
973.18
973.06
973.10
973.01
973.21
973.10
973.04
973.14
973.07
973.13
973.08
973.14
973.01
973.11
973.09
973.09
973.13
973.13
973.16
973.16
973.14
973.24
973.14
973.15
973.06
973.20
973.04
973.09
973.20
973.15
973.15
973.17
973.20
973.11
973.19
973.21
973.14
973.13
973.21
973.19
973.09
973.17
973.09
973.13
973.04
973.09
973.16
973.11
973.20
973.14
973.12
973.11
973.12
973.09
973.20
973.15
973.02
973.02
973.06
973.18
973.07
973.20
973.10
973.04
973.06
973.08
972.95
973.16
973.02
973.14
973.06
972.99
973.02
973.06
972.94
972.94
973.01
973.07
973.09
972.98
973.03
973.04
973.01
972.96
972.99
972.99
973.04
973.02
972.98
973.11
973.01
972.93
973.10
973.02
973.01
973.10
973.04
972.99
972.94
973.06
972.98
972.99
973.00
972.98
972.97
973.05
973.04
973.06
973.05
973.01
972.99
973.03
973.01
972.98
973.05
973.07
973.06
973.01
973.02
973.04
973.00
973.00
972.95
972.99
973.00
972.94
973.09
972.93
972.95
972.93
973.02
972.99
972.94
972.96
972.96
973.05
972.94
972.99
973.00
972.98
972.98
973.00
972.98
972.86
972.83
973.04
973.09
973.00
972.90
973.06
972.94
972.99
973.07
973.03
972.97
973.01
972.98
972.96
972.87
972.91
973.11
972.99
973.00
972.98
973.07
973.04
972.97
972.93
972.95
972.99
973.00
972.95
972.95
972.87
973.00
972.87
972.90
972.99
973.00
972.97
972.87
972.93
972.86
972.86
972.89
972.96
972.92
972.89
972.92
972.90
972.90
973.01
972.86
972.92
972.91
972.83
972.84
972.81
972.86
972.85
972.72
972.81
972.84
972.83
972.76
972.82
972.84
972.77
972.83
972.75
972.88
972.79
972.91
972.83
972.89
972.86
972.89
972.90
972.87
972.85
972.90
972.80
972.88
972.88
972.81
972.83
972.78
972.87
972.78
972.82
972.78
972.69
972.88
972.87
972.78
972.83
972.84
972.83
972.76
972.71
972.81
972.77
972.72
972.74
972.81
972.91
972.82
972.80
972.71
972.69
972.67
972.73
972.67
972.85
972.79
972.79
972.76
972.67
972.72
972.77
972.70
972.78
972.72
972.75
972.73
972.62
972.69
972.63
972.74
972.69
972.72
972.65
972.68
972.70
972.73
972.70
972.64
972.67
972.74
972.80
972.77
972.78
972.78
972.71
972.75
972.72
972.70
972.69
972.72
972.71
972.73
972.65
972.71
972.75
972.83
972.71
972.73
972.67
972.69
972.76
972.76
972.68
972.70
972.77
972.63
972.74
972.81
972.72
972.62
972.72
972.58
972.76
972.61
972.71
972.64
972.55
972.56
972.59
972.66
972.57
972.61
972.65
972.63
972.60
972.67
972.61
972.60
972.56
972.61
972.69
972.63
972.64
972.58
972.66
972.48
972.56
972.58
972.64
972.59
972.69
972.63
972.58
972.58
972.61
972.59
972.57
972.65
972.63
972.61
972.65
972.65
972.52
972.58
972.63
972.67
972.60
972.61
972.70
972.66
972.64
972.66
972.60
972.64
972.60
972.60
972.60
972.58
972.64
972.63
972.57
972.58
972.47
972.68
972.53
972.55
972.66
972.74
972.62
972.58
972.63
972.57
972.61
972.61
972.55
972.57
972.59
972.61
972.56
972.55
972.64
972.61
972.59
972.61
972.60
972.57
972.53
972.48
972.60
972.60
972.62
972.58
972.56
972.59
972.59
972.59
972.58
972.59
972.56
972.53
972.61
972.55
972.60
972.53
972.57
972.52
972.53
972.45
972.43
972.49
972.55
972.43
972.42
972.56
972.48
972.59
972.46
972.59
972.58
972.56
972.55
972.45
972.58
972.49
972.48
972.56
972.56
972.59
972.56
972.63
972.61
972.63
972.60
972.58
972.58
972.56
972.58
972.55
972.65
972.62
972.54
972.48
972.55
972.49
972.44
972.53
972.52
972.54
972.45
972.52
972.49
972.59
972.47
972.52
972.40
972.47
972.44
972.49
972.43
972.41
972.54
972.53
972.47
972.57
972.59
972.58
972.42
972.45
972.52
972.43
972.45
972.47
972.45
972.45
972.67
972.49
972.53
972.39
972.55
972.56
972.48
972.49
972.49
972.42
972.37
972.43
972.33
972.40
972.45
972.35
972.42
972.35
972.39
972.52
972.45
972.37
972.38
972.43
972.37
972.41
972.42
972.36
972.28
972.33
972.32
972.40
972.34
972.35
972.34
972.32
972.22
972.29
972.31
972.28
972.35
972.27
972.29
972.22
972.25
972.16
972.34
972.27
972.25
972.21
972.28
972.30
972.30
972.23
972.26
972.19
972.16
972.25
972.17
972.22
972.24
972.20
972.22
972.13
972.14
972.17
972.14
972.09
972.21
972.14
972.07
972.00
972.09
972.10
972.15
972.13
972.10
972.13
972.06
972.10
972.09
972.09
972.12
972.10
972.10
972.16
972.09
972.06
972.10
972.09
972.07
972.08
972.10
972.13
972.16
972.12
972.19
972.05
972.11
972.12
972.11
972.05
972.03
972.04
972.09
972.05
972.07
972.00
972.07
972.03
971.98
972.01
971.97
972.00
971.98
971.97
972.00
972.03
971.99
972.01
971.94
971.99
972.04
972.06
971.95
971.88
972.05
972.03
972.04
971.97
971.95
971.99
971.93
971.98
972.01
972.01
971.96
971.97
971.94
971.96
972.02
971.95
972.07
972.02
972.00
971.99
972.00
972.01
971.95
971.99
971.98
972.01
971.95
971.90
971.96
971.88
971.94
972.04
972.07
971.95
971.99
971.97
971.99
972.00
971.98
972.09
972.08
972.00
971.97
972.00
972.07
971.96
971.99
971.96
972.01
972.03
971.96
972.01
972.03
971.93
971.96
972.04
971.88
971.94
971.91
972.00
971.98
972.03
972.01
971.94
971.99
971.98
972.05
971.99
972.01
971.97
972.00
972.00
972.06
972.01
972.06
972.08
972.01
972.02
972.04
971.94
972.07
972.11
971.94
972.06
971.97
972.05
972.04
972.12
972.02
971.96
971.96
971.93
972.00
972.01
971.98
971.98
972.04
972.03
971.92
972.02
972.05
972.05
972.03
971.91
971.96
971.91
972.00
971.95
971.93
971.94
971.99
971.86
971.85
971.96
971.88
971.94
971.95
971.92
971.93
972.00
972.03
971.88
971.90
971.79
971.94
971.98
971.94
971.86
971.87
971.95
971.84
971.90
971.91
971.86
971.87
971.94
971.92
971.98
971.86
971.90
971.92
971.91
971.91
971.95
971.91
971.89
971.91
971.84
971.85
971.87
971.86
971.83
971.84
971.75
971.79
971.83
971.80
971.83
971.87
971.79
971.81
971.85
971.76
971.76
971.81
971.77
971.78
971.77
971.80
971.73
971.73
971.78
971.80
971.83
971.72
971.78
971.82
971.76
971.71
971.69
971.75
971.74
971.73
971.70
971.72
971.67
971.77
971.68
971.69
971.71
971.59
971.68
971.68
971.56
971.62
971.64
971.69
971.64
971.68
971.67
971.67
971.67
971.72
971.63
971.60
971.62
971.68
971.54
971.59
971.65
971.61
971.61
971.72
971.52
971.66
971.72
971.56
971.66
971.58
971.65
971.59
971.57
971.59
971.55
971.66
971.54
971.64
971.65
971.59
971.62
971.53
971.62
971.49
971.60
971.58
971.62
971.64
971.66
971.59
971.67
971.59
971.62
971.61
971.66
971.68
971.64
971.61
971.57
971.53
971.61
971.59
971.55
971.61
971.52
971.63
971.57
971.67
971.70
971.55
971.61
971.52
971.58
971.60
971.59
971.65
971.64
971.56
971.62
971.61
971.58
971.55
971.62
971.58
971.51
971.61
971.65
971.57
971.49
971.66
971.56
971.54
971.43
971.54
971.49
971.51
971.58
971.57
971.50
971.58
971.58
971.49
971.53
971.46
971.55
971.53
971.49
971.43
971.55
971.61
971.54
971.61
971.45
971.58
971.47
971.53
971.48
971.46
971.49
971.47
971.46
971.49
971.46
971.48
971.43
971.48
971.51
971.47
971.45
971.46
971.47
971.46
971.46
971.50
971.47
971.56
971.50
971.47
971.45
971.50
971.46
971.54
971.51
971.46
971.41
971.45
971.46
971.50
971.42
971.50
971.43
971.46
971.38
971.46
971.47
971.46
971.47
971.43
971.42
971.35
971.44
971.40
971.39
971.36
971.46
971.39
971.47
971.39
971.40
971.38
971.46
971.50
971.40
971.35
971.33
971.43
971.37
971.39
971.45
971.44
971.37
971.39
971.33
971.36
971.43
971.38
971.31
971.34
971.31
971.35
971.39
971.36
971.34
971.29
971.29
971.27
971.31
971.39
971.31
971.37
971.37
971.29
971.30
971.36
971.41
971.34
971.33
971.40
971.30
971.39
971.25
971.40
971.36
971.40
971.34
971.34
971.35
971.36
971.29
971.34
971.33
971.34
971.39
971.28
971.30
971.31
971.31
971.39
971.32
971.34
971.34
971.27
971.33
971.31
971.35
971.30
971.29
971.26
971.30
971.26
971.34
971.25
971.27
971.27
971.26
971.26
971.25
971.27
971.25
971.19
971.23
971.18
971.17
971.19
971.29
971.22
971.18
971.25
971.25
971.19
971.26
971.14
971.32
971.18
971.22
971.29
971.22
971.28
971.19
971.29
971.20
971.18
971.26
971.19
971.26
971.22
971.26
971.20
971.21
971.17
971.22
971.20
971.25
971.23
971.21
971.34
971.17
971.28
971.31
971.25
971.26
971.29
971.31
971.26
971.30
971.24
971.26
971.24
971.27
971.25
971.31
971.32
971.28
971.30
971.25
971.28
971.29
971.26
971.20
971.29
971.25
971.34
971.27
971.33
971.30
971.30
971.36
971.34
971.25
971.35
971.30
971.31
971.33
971.37
971.22
971.24
971.28
971.27
971.27
971.22
971.29
971.32
971.34
971.33
971.34
971.30
971.23
971.35
971.40
971.35
971.34
971.29
971.38
971.34
971.35
971.30
971.34
971.31
971.30
971.29
971.38
971.33
971.33
971.42
971.36
971.45
971.30
971.39
971.37
971.32
971.41
971.33
971.41
971.36
971.33
971.31
971.33
971.40
971.28
971.38
971.30
971.35
971.42
971.29
971.29
971.36
971.32
971.35
971.36
971.37
971.38
971.31
971.40
971.45
971.36
971.36
971.36
971.35
971.37
971.37
971.32
971.32
971.36
971.40
971.39
971.41
971.38
971.37
971.46
971.53
971.41
971.42
971.37
971.47
971.43
971.33
971.48
971.44
971.46
971.40
971.51
971.37
971.36
971.49
971.51
971.54
971.38
971.48
971.43
971.43
971.51
971.44
971.45
971.44
971.46
971.42
971.50
971.48
971.45
971.52
971.41
971.49
971.52
971.51
971.62
971.51
971.48
971.51
971.51
971.42
971.49
971.50
971.47
971.49
971.53
971.58
971.45
971.39
971.44
971.47
971.50
971.48
971.50
971.44
971.51
971.50
971.51
971.49
971.46
971.53
971.41
971.43
971.50
971.45
971.46
971.49
971.55
971.55
971.58
971.57
971.48
971.59
971.49
971.56
971.51
971.59
971.56
971.52
971.56
971.51
971.46
971.59
971.54
971.54
971.52
971.54
971.44
971.42
971.55
971.46
971.52
971.59
971.56
971.66
971.56
971.58
971.49
971.54
971.52
971.56
971.50
971.48
971.55
971.55
971.51
971.52
971.50
971.47
971.49
971.56
971.60
971.54
971.53
971.42
971.54
971.55
971.54
971.56
971.64
971.54
971.56
971.56
971.50
971.55
971.60
971.55
971.54
971.57
971.53
971.56
971.53
971.50
971.59
971.62
971.61
971.50
971.46
971.55
971.56
971.62
971.53
971.56
971.51
971.51
971.46
971.51
971.54
971.55
971.56
971.51
971.49
971.54
971.59
971.54
971.61
971.57
971.63
971.53
971.60
971.53
971.61
971.55
971.63
971.56
971.54
971.42
971.44
971.47
971.48
971.56
971.54
971.53
971.56
971.60
971.62
971.62
971.60
971.73
971.68
971.63
971.57
971.60
971.57
971.58
971.50
971.45
971.62
971.61
971.55
971.66
971.63
971.58
971.64
971.61
971.57
971.64
971.59
971.53
971.58
971.49
971.62
971.64
971.64
971.58
971.56
971.57
971.58
971.56
971.61
971.62
971.58
971.59
971.63
971.59
971.59
971.48
971.56
971.59
971.56
971.67
971.60
971.58
971.58
971.52
971.57
971.54
971.52
971.53
971.52
971.53
971.56
971.59
971.49
971.61
971.54
971.60
971.52
971.55
971.52
971.61
971.60
971.59
971.54
971.55
971.54
971.69
971.51
971.77
971.64
971.62
971.60
971.63
971.61
971.63
971.57
971.59
971.52
971.52
971.56
971.55
971.64
971.74
971.60
971.53
971.57
971.54
971.63
971.55
971.64
971.56
971.59
971.51
971.63
971.56
971.69
971.55
971.54
971.60
971.57
971.63
971.58
971.51
971.59
971.59
971.64
971.55
971.70
971.56
971.62
971.63
971.58
971.51
971.51
971.50
971.54
971.61
971.51
971.64
971.67
971.57
971.62
971.60
971.63
971.56
971.48
971.59
971.72
971.66
971.63
971.66
971.55
971.54
971.51
971.51
971.57
971.64
971.54
971.67
971.57
971.53
971.60
971.56
971.61
971.62
971.54
971.51
971.53
971.52
971.50
971.55
971.64
971.55
971.60
971.58
971.63
971.52
971.60
971.64
971.53
971.60
971.58
971.62
971.51
971.57
971.56
971.55
971.46
971.61
971.45
971.49
971.62
971.53
971.57
971.58
971.57
971.59
971.56
971.58
971.59
971.57
971.61
971.52
971.66
971.55
971.51
971.65
971.51
971.53
971.52
971.63
971.58
971.59
971.56
971.58
971.57
971.51
971.58
971.53
971.59
971.51
971.67
971.53
971.59
971.58
971.68
971.60
971.67
971.56
971.56
971.62
971.71
971.55
971.59
971.49
971.58
971.65
971.53
971.57
971.66
971.57
971.47
971.65
971.56
971.62
971.54
971.59
971.56
971.57
971.59
971.60
971.60
971.46
971.48
971.52
971.55
971.51
971.55
971.47
971.55
971.56
971.53
971.50
971.54
971.57
971.49
971.43
971.52
971.54
971.48
971.44
971.51
971.48
971.46
971.53
971.50
971.50
971.44
971.53
971.43
971.47
971.48
971.48
971.53
971.58
971.53
971.51
971.48
971.55
971.55
971.48
971.43
971.61
971.46
971.54
971.43
971.46
971.48
971.53
971.50
971.54
971.41
971.51
971.50
971.50
971.48
971.33
971.39
971.32
971.39
971.51
971.50
971.46
971.56
971.50
971.54
971.51
971.64
971.61
971.52
971.46
971.53
971.48
971.40
971.45
971.43
971.47
971.48
971.47
971.45
971.55
971.48
971.49
971.40
971.46
971.45
971.45
971.41
971.39
971.44
971.41
971.33
971.44
971.44
971.37
971.48
971.46
971.45
971.43
971.42
971.32
971.35
971.41
971.37
971.38
971.41
971.36
971.33
971.29
971.45
971.43
971.43
971.38
971.39
971.38
971.41
971.36
971.40
971.42
971.35
971.42
971.56
971.40
971.40
971.34
971.33
971.38
971.37
971.39
971.33
971.34
971.43
971.36
971.39
971.35
971.35
971.34
971.39
971.34
971.40
971.43
971.37
971.35
971.39
971.39
971.41
971.36
971.32
971.29
971.43
971.32
971.36
971.32
971.40
971.39
971.35
971.25
971.37
971.38
971.36
971.32
971.33
971.35
971.38
971.34
971.32
971.32
971.31
971.31
971.35
971.40
971.36
971.22
971.31
971.26
971.24
971.29
971.26
971.25
971.32
971.26
971.33
971.36
971.29
971.37
971.29
971.29
971.25
971.35
971.28
971.40
971.31
971.30
971.22
971.25
971.25
971.28
971.24
971.23
971.21
971.21
971.28
971.26
971.22
971.22
971.38
971.39
971.34
971.31
971.30
971.33
971.32
971.22
971.25
971.21
971.22
971.23
971.21
971.28
971.21
971.26
971.40
971.27
971.32
971.33
971.28
971.33
971.28
971.30
971.20
971.32
971.43
971.26
971.32
971.31
971.30
971.32
971.28
971.29
971.30
971.27
971.22
971.26
971.24
971.27
971.19
971.29
971.30
971.19
971.21
971.24
971.18
971.23
971.30
971.20
971.23
971.22
971.17
971.22
971.30
971.26
971.22
971.22
971.30
971.26
971.39
971.29
971.32
971.30
971.25
971.20
971.19
971.21
971.15
971.17
971.18
971.17
971.32
971.12
971.25
971.23
971.21
971.14
971.24
971.15
971.25
971.18
971.27
971.20
971.16
971.24
971.17
971.16
971.22
971.23
971.21
971.12
971.13
971.20
971.22
971.14
971.17
971.32
971.24
971.22
971.21
971.20
971.22
971.17
971.24
971.31
971.17
971.20
971.23
971.27
971.33
971.26
971.29
971.25
971.24
971.21
971.28
971.16
971.22
971.26
971.28
971.21
971.27
971.31
971.17
971.29
971.32
971.18
971.24
971.29
971.26
971.27
971.27
971.36
971.18
971.26
971.25
971.20
971.24
971.40
971.27
971.26
971.25
971.23
971.35
971.18
971.32
971.28
971.25
971.28
971.19
971.29
971.24
971.25
971.32
971.22
971.24
971.20
971.17
971.22
971.22
971.24
971.21
971.22
971.26
971.26
971.25
971.09
971.14
971.18
971.24
971.17
971.26
971.27
971.31
971.18
971.30
971.21
971.19
971.32
971.22
971.23
971.23
971.21
971.28
971.20
971.25
971.26
971.27
971.23
971.24
971.26
971.23
971.22
971.20
971.17
971.17
971.27
971.22
971.25
971.24
971.21
971.28
971.20
971.16
971.24
971.27
971.18
971.21
971.15
971.14
971.23
971.17
971.25
971.26
971.23
971.28
971.20
971.22
971.26
971.34
971.24
971.29
971.34
971.23
971.24
971.31
971.27
971.29
971.30
971.28
971.26
971.16
971.30
971.23
971.21
971.24
971.22
971.21
971.17
971.21
971.22
971.18
971.23
971.15
971.12
971.09
971.13
971.15
971.20
971.17
971.19
971.22
971.17
971.20
971.15
971.19
971.18
971.18
971.18
971.15
971.16
971.22
971.19
971.14
971.32
971.16
971.03
971.11
971.12
971.11
971.09
971.11
971.16
971.15
971.15
971.23
971.19
971.20
971.25
971.13
971.09
971.17
971.10
971.13
971.17
971.12
971.11
971.17
971.17
971.05
971.19
971.13
971.14
971.16
971.14
971.10
971.20
971.16
971.13
971.15
971.28
971.16
971.06
971.13
971.22
971.17
971.22
971.18
971.20
971.22
971.13
971.21
971.27
971.21
971.30
971.22
971.39
971.21
971.28
971.20
971.36
971.26
971.31
971.31
971.35
971.29
971.33
971.30
971.38
971.28
971.29
971.30
971.33
971.28
971.30
971.34
971.23
971.29
971.32
971.29
971.44
971.31
971.33
971.34
971.29
971.23
971.30
971.34
971.25
971.33
971.34
971.34
971.29
971.34
971.27
971.30
971.35
971.33
971.32
971.32
971.23
971.26
971.28
971.31
971.28
971.31
971.29
971.33
971.30
971.32
971.29
971.35
971.30
971.26
971.34
971.26
971.28
971.32
971.35
971.30
971.25
971.18
971.23
971.22
971.28
971.25
971.28
971.33
971.36
971.31
971.26
971.23
971.37
971.40
971.37
971.34
971.34
971.24
971.30
971.30
971.33
971.30
971.25
971.25
971.32
971.31
971.31
971.30
971.36
971.32
971.40
971.29
971.33
971.24
971.34
971.30
971.31
971.24
971.28
971.37
971.25
971.35
971.33
971.34
971.36
971.30
971.38
971.24
971.25
971.26
971.36
971.28
971.35
971.39
971.36
971.38
971.28
971.38
971.44
971.36
971.34
971.37
971.38
971.42
971.39
971.38
971.35
971.39
971.39
971.36
971.39
971.40
971.44
971.40
971.35
971.36
971.38
971.43
971.41
971.38
971.44
971.39
971.39
971.29
971.40
971.29
971.37
971.38
971.34
971.36
971.38
971.38
971.41
971.38
971.40
971.38
971.35
971.42
971.45
971.33
971.36
971.45
971.40
971.43
971.46
971.43
971.36
971.37
971.39
971.47
971.29
971.45
971.49
971.37
971.48
971.46
971.42
971.48
971.43
971.40
971.44
971.43
971.45
971.49
971.37
971.40
971.40
971.37
971.37
971.34
971.43
971.40
971.42
971.45
971.47
971.48
971.33
971.36
971.43
971.42
971.50
971.47
971.45
971.39
971.53
971.42
971.51
971.45
971.50
971.44
971.41
971.37
971.53
971.49
971.47
971.49
971.45
971.45
971.44
971.44
971.47
971.42
971.34
971.35
971.38
971.41
971.40
971.40
971.43
971.50
971.41
971.38
971.38
971.44
971.40
971.41
971.37
971.39
971.38
971.36
971.40
971.29
971.37
971.52
971.29
971.29
971.50
971.36
971.45
971.41
971.40
971.38
971.38
971.42
971.39
971.39
971.30
971.38
971.35
971.35
971.38
971.43
971.42
971.34
971.33
971.35
971.35
971.38
971.37
971.29
971.32
971.36
971.36
971.31
971.39
971.32
971.35
971.36
971.43
971.38
971.35
971.30
971.34
971.31
971.29
971.39
971.41
971.33
971.42
971.37
971.31
971.31
971.31
971.29
971.32
971.32
971.30
971.23
971.30
971.30
971.30
971.26
971.25
971.22
971.30
971.25
971.33
971.33
971.29
971.25
971.33
971.25
971.24
971.31
971.23
971.20
971.21
971.32
971.30
971.27
971.26
971.35
971.41
971.30
971.35
971.37
971.31
971.36
971.29
971.38
971.33
971.41
971.25
971.30
971.32
971.35
971.26
971.27
971.29
971.26
971.28
971.35
971.27
971.29
971.23
971.26
971.27
971.26
971.30
971.33
971.25
971.32
971.28
971.27
971.22
971.23
971.22
971.27
971.36
971.17
971.21
971.26
971.34
971.24
971.27
971.28
971.22
971.40
971.22
971.22
971.31
971.18
971.24
971.30
971.24
971.23
971.24
971.32
971.36
971.26
971.31
971.31
971.26
971.27
971.21
971.27
971.29
971.27
971.32
971.31
971.26
971.26
971.31
971.32
971.33
971.28
971.40
971.33
971.42
971.26
971.33
971.32
971.38
971.37
971.28
971.35
971.32
971.34
971.31
971.32
971.27
971.30
971.31
971.32
971.37
971.36
971.35
971.29
971.35
971.42
971.34
971.32
971.48
971.36
971.45
971.40
971.26
971.47
971.46
971.49
971.37
971.41
971.42
971.37
971.44
971.40
971.45
971.39
971.38
971.37
971.36
971.46
971.48
971.45
971.37
971.47
971.40
971.46
971.43
971.49
971.40
971.49
971.47
971.46
971.52
971.49
971.47
971.45
971.41
971.51
971.49
971.46
971.50
971.40
971.44
971.47
971.39
971.42
971.40
971.41
971.42
971.43
971.41
971.43
971.36
971.46
971.35
971.50
971.49
971.37
971.44
971.42
971.44
971.38
971.43
971.42
971.48
971.46
971.44
971.36
971.38
971.43
971.47
971.46
971.37
971.45
971.44
971.39
971.39
971.40
971.35
971.44
971.42
971.55
971.45
971.45
971.39
971.44
971.42
971.38
971.42
971.49
971.46
971.45
971.34
971.39
971.40
971.44
971.39
971.49
971.48
971.46
971.45
971.47
971.41
971.40
971.42
971.37
971.49
971.45
971.47
971.45
971.48
971.38
971.41
971.36
971.44
971.38
971.45
971.46
971.46
971.38
971.40
971.42
971.40
971.40
971.48
971.39
971.49
971.42
971.44
971.48
971.44
971.46
971.37
971.43
971.40
971.46
971.46
971.38
971.47
971.43
971.51
971.48
971.44
971.41
971.46
971.42
971.45
971.52
971.57
971.41
971.49
971.37
971.37
971.48
971.41
971.44
971.32
971.45
971.42
971.39
971.44
971.39
971.42
971.51
971.38
971.43
971.47
971.41
971.46
971.45
971.40
971.43
971.44
971.53
971.50
971.43
971.38
971.49
971.48
971.42
971.43
971.41
971.36
971.47
971.41
971.41
971.45
971.43
971.41
971.38
971.43
971.42
971.39
971.39
971.44
971.40
971.40
971.47
971.41
971.42
971.41
971.41
971.44
971.40
971.38
971.46
971.46
971.39
971.42
971.39
971.40
971.40
971.48
971.50
971.42
971.37
971.42
971.40
971.46
971.36
971.36
971.47
971.36
971.42
971.50
971.52
971.52
971.38
971.46
971.49
971.41
971.45
971.46
971.41
971.51
971.47
971.44
971.49
971.52
971.57
971.55
971.57
971.36
971.57
971.57
971.53
971.57
971.48
971.55
971.49
971.53
971.48
971.46
971.48
971.54
971.56
971.52
971.52
971.47
971.62
971.63
971.53
971.51
971.48
971.51
971.43
971.54
971.52
971.51
971.57
971.57
971.56
971.55
971.52
971.56
971.46
971.50
971.55
971.54
971.50
971.59
971.55
971.42
971.52
971.53
971.57
971.66
971.62
971.54
971.57
971.57
971.52
971.63
971.46
971.51
971.50
971.61
971.61
971.52
971.63
971.47
971.46
971.49
971.53
971.49
971.59
971.54
971.57
971.59
971.53
971.52
971.50
971.43
971.53
971.63
971.61
971.47
971.55
971.58
971.57
971.53
971.57
971.57
971.54
971.56
971.59
971.56
971.60
971.60
971.62
971.54
971.61
971.58
971.60
971.62
971.51
971.54
971.59
971.60
971.61
971.62
971.60
971.69
971.61
971.57
971.57
971.60
971.59
971.71
971.68
971.71
971.64
971.58
971.67
971.65
971.62
971.64
971.71
971.63
971.65
971.67
971.53
971.55
971.51
971.51
971.57
971.61
971.55
971.53
971.45
971.46
971.62
971.62
971.60
971.52
971.56
971.51
971.58
971.55
971.46
971.49
971.53
971.51
971.51
971.47
971.55
971.44
971.42
971.49
971.50
971.46
971.48
971.46
971.42
971.45
971.50
971.44
971.45
971.53
971.52
971.50
971.51
971.47
971.42
971.54
971.52
971.52
971.53
971.48
971.60
971.46
971.48
971.47
971.49
971.48
971.52
971.44
971.46
971.54
971.46
971.58
971.55
971.52
971.63
971.64
971.61
971.57
971.64
971.66
971.60
971.67
971.55
971.52
971.65
971.54
971.55
971.53
971.63
971.59
971.65
971.60
971.64
971.55
971.65
971.68
971.61
971.61
971.72
971.60
971.60
971.61
971.64
971.67
971.59
971.64
971.67
971.56
971.62
971.61
971.58
971.64
971.63
971.65
971.58
971.69
971.61
971.64
971.68
971.58
971.65
971.67
971.60
971.64
971.64
971.68
971.64
971.55
971.58
971.71
971.67
971.72
971.77
971.66
971.55
971.58
971.65
971.63
971.57
971.68
971.64
971.61
971.55
971.64
971.61
971.69
971.69
971.64
971.74
971.64
971.64
971.66
971.71
971.70
971.61
971.73
971.79
971.71
971.65
971.69
971.69
971.66
971.70
971.70
971.57
971.69
971.69
971.72
971.65
971.69
971.69
971.77
971.70
971.70
971.73
971.74
971.74
971.72
971.76
971.72
971.76
971.72
971.74
971.66
971.66
971.66
971.72
971.68
971.71
971.70
971.71
971.69
971.73
971.71
971.74
971.67
971.74
971.74
971.70
971.75
971.72
971.69
971.72
971.66
971.70
971.71
971.74
971.78
971.70
971.69
971.76
971.74
971.68
971.66
971.69
971.60
971.60
971.61
971.52
971.65
971.69
971.67
971.64
971.66
971.64
971.71
971.69
971.61
971.73
971.79
971.63
971.61
971.70
971.60
971.66
971.71
971.64
971.63
971.72
971.79
971.63
971.74
971.67
971.74
971.68
971.64
971.81
971.75
971.72
971.77
971.74
971.78
971.75
971.72
971.71
971.76
971.81
971.76
971.77
971.63
971.80
971.72
971.74
971.79
971.81
971.85
971.77
971.78
971.74
971.72
971.72
971.83
971.72
971.75
971.87
971.85
971.76
971.72
971.74
971.79
971.81
971.86
971.76
971.80
971.85
971.83
971.83
971.82
971.82
971.72
971.81
971.77
971.83
971.71
971.90
971.80
971.83
971.77
971.80
971.82
971.83
971.79
971.82
971.76
971.85
971.86
971.84
971.82
971.85
971.81
971.83
971.75
971.86
971.86
971.87
971.83
971.85
971.97
971.80
971.79
971.86
971.88
971.77
971.83
971.80
971.84
971.85
971.85
971.86
971.81
971.90
971.94
971.87
971.83
971.72
971.76
971.82
971.83
971.90
971.85
971.81
971.82
971.89
971.74
971.84
971.87
971.81
971.80
971.82
971.83
971.85
971.86
971.79
971.86
971.82
971.71
971.79
971.82
971.81
971.82
971.77
971.82
971.83
971.80
971.79
971.75
971.85
971.79
971.83
971.82
971.80
971.79
971.81
971.83
971.89
971.85
971.83
971.86
971.88
971.79
971.92
971.90
971.83
971.92
971.84
971.87
971.90
971.83
971.76
971.92
971.85
971.88
971.75
971.89
971.84
971.85
971.86
971.80
971.83
971.80
971.88
971.77
971.84
971.77
971.88
971.86
971.78
971.76
971.78
971.73
971.83
971.70
971.78
971.72
971.78
971.76
971.79
971.67
971.73
971.73
971.73
971.83
971.75
971.82
971.72
971.75
971.69
971.71
971.62
971.83
971.70
971.73
971.83
971.77
971.84
971.75
971.83
971.75
971.80
971.77
971.79
971.75
971.80
971.83
971.81
971.78
971.69
971.75
971.83
971.74
971.81
971.62
971.79
971.75
971.75
971.79
971.75
971.70
971.81
971.71
971.73
971.69
971.81
971.65
971.81
971.69
971.79
971.81
971.83
971.79
971.84
971.81
971.82
971.79
971.74
971.79
971.87
971.74
971.77
971.74
971.75
971.74
971.83
971.80
971.73
971.75
971.81
971.73
971.81
971.81
971.76
971.84
971.83
971.88
971.84
971.82
971.89
971.79
971.80
971.79
971.88
971.87
971.83
971.85
971.86
971.90
971.86
971.84
971.85
971.85
971.76
971.76
971.72
971.97
971.90
971.95
971.80
971.92
971.96
971.90
971.94
971.89
971.91
971.87
971.79
971.92
971.79
971.78
971.87
971.82
971.86
971.82
971.82
971.80
971.81
971.82
971.81
971.85
971.84
971.79
971.83
971.75
971.72
971.74
971.81
971.83
971.83
971.82
971.82
971.84
971.81
971.79
971.74
971.81
971.74
971.77
971.81
971.74
971.83
971.79
971.75
971.84
971.69
971.83
971.72
971.82
971.76
971.80
971.83
971.84
971.76
971.81
971.84
971.82
971.77
971.77
971.75
971.76
971.76
971.76
971.74
971.69
971.72
971.71
971.74
971.71
971.72
971.72
971.75
971.70
971.85
971.75
971.82
971.81
971.73
971.79
971.76
971.81
971.72
971.81
971.81
971.71
971.74
971.79
971.75
971.77
971.73
971.78
971.73
971.82
971.74
971.73
971.74
971.80
971.80
971.70
971.80
971.74
971.69
971.62
971.82
971.69
971.72
971.79
971.79
971.76
971.82
971.70
971.75
971.74
971.72
971.74
971.70
971.74
971.79
971.70
971.83
971.80
971.69
971.75
971.80
971.82
971.80
971.90
971.87
971.83
971.86
971.86
971.84
971.76
971.80
971.75
971.83
971.82
971.80
971.83
971.80
971.87
971.89
971.87
971.83
971.79
971.90
971.75
971.79
971.74
971.86
971.85
971.80
971.80
971.86
971.87
971.87
971.88
971.86
971.90
971.90
971.89
971.83
971.78
971.83
971.90
971.78
971.83
971.96
971.91
971.80
972.01
971.93
971.90
971.99
971.91
971.94
971.99
971.95
971.96
971.97
971.85
972.04
971.97
971.97
971.97
971.99
971.94
971.99
971.95
972.02
971.96
971.93
971.94
972.01
971.93
971.93
971.95
971.90
971.85
971.98
971.91
972.02
971.83
971.99
971.81
971.92
971.94
971.94
971.95
972.04
971.90
971.93
972.03
972.01
971.94
971.98
972.02
971.97
971.95
971.98
972.10
971.97
971.88
972.04
972.08
972.02
972.02
972.07
972.07
972.02
972.02
971.94
972.00
971.95
971.93
972.03
971.95
971.98
971.99
971.98
972.07
971.97
972.06
971.94
972.01
972.02
972.01
971.93
972.01
971.94
972.00
971.93
971.95
971.92
971.93
971.97
972.01
971.95
971.85
971.95
971.99
971.99
972.05
971.95
971.95
971.92
971.99
971.93
972.02
972.01
972.05
972.02
971.98
972.02
972.01
972.01
971.95
972.05
972.01
971.93
971.94
971.95
971.95
972.00
971.91
971.99
971.96
971.98
971.86
971.93
971.95
972.14
972.01
972.00
972.02
972.06
972.03
972.03
971.96
972.03
971.92
972.05
971.99
971.98
972.00
972.02
971.93
971.97
972.03
971.90
972.01
972.01
972.02
971.98
971.95
971.97
971.96
971.92
971.90
971.91
971.93
971.94
971.90
972.11
971.93
971.90
971.99
971.93
971.98
971.95
971.91
972.02
971.96
971.97
971.93
971.98
971.97
971.92
971.94
971.96
971.90
971.97
971.88
971.86
971.85
971.93
971.91
971.88
971.87
971.95
971.95
971.98
971.86
972.01
971.90
971.99
971.84
971.97
971.84
971.98
971.95
971.90
971.84
971.89
971.93
971.88
971.87
971.93
971.99
971.90
971.96
971.91
971.93
971.92
971.94
971.97
971.94
971.99
971.91
971.87
971.84
971.99
971.89
971.93
972.00
971.91
971.90
971.93
971.98
971.92
971.91
971.94
971.97
971.91
971.94
971.91
971.86
971.94
971.99
971.91
971.99
971.92
972.00
971.95
971.96
972.01
971.92
972.02
971.92
971.97
971.92
971.94
971.93
971.90
971.88
972.00
971.97
971.95
971.96
971.96
971.97
972.03
971.97
971.96
972.00
971.98
972.02
971.97
971.96
971.94
971.93
971.97
971.99
971.98
971.90
972.02
971.89
971.99
971.92
971.89
972.00
971.94
971.96
971.88
971.93
971.95
971.93
971.95
971.91
971.97
971.94
971.91
971.92
971.88
971.92
971.98
972.02
971.98
971.92
972.01
971.92
971.90
971.95
971.94
971.91
971.87
971.86
971.87
971.92
971.97
971.95
971.90
972.04
972.03
972.08
972.01
971.98
972.00
972.00
971.98
972.04
972.06
972.07
971.98
972.00
971.98
971.99
971.99
972.03
972.09
972.04
971.99
972.00
972.01
972.06
972.04
971.99
972.08
972.02
972.05
972.06
972.07
972.06
972.02
972.15
972.07
972.02
972.05
972.04
972.16
972.05
972.17
972.14
972.14
972.13
972.12
972.09
972.18
972.05
972.09
972.03
972.08
972.10
972.04
972.14
972.11
972.08
972.05
972.08
972.11
972.12
972.11
972.10
972.05
972.12
972.09
972.08
972.11
972.13
972.15
972.07
972.03
972.10
972.11
972.17
972.05
972.04
972.15
972.16
972.06
972.07
972.14
972.13
972.14
972.05
972.11
972.16
972.11
972.06
972.13
972.18
972.06
972.12
972.10
972.17
972.11
972.14
972.02
972.11
972.14
972.15
972.12
972.06
972.11
972.19
972.08
972.08
972.16
972.04
972.11
972.14
972.08
972.17
972.05
972.09
972.13
972.04
972.18
972.07
972.09
972.15
972.08
972.22
972.05
972.05
972.18
972.10
972.20
972.06
972.11
972.16
972.12
972.08
972.13
972.14
972.15
972.15
972.21
972.18
972.18
972.19
972.18
972.14
972.19
972.12
972.06
972.11
972.11
972.11
972.10
972.09
972.08
972.09
972.16
972.11
972.07
972.09
972.15
972.10
972.12
972.04
972.14
972.08
972.17
972.09
972.20
972.07
972.13
972.12
972.12
972.19
972.11
972.13
972.10
972.18
972.12
972.13
972.17
972.16
972.10
972.11
972.13
972.14
972.08
972.05
972.10
972.10
972.17
972.05
972.06
972.17
972.14
972.13
972.08
972.12
972.05
972.10
972.08
972.11
972.09
972.08
972.11
972.11
972.09
972.12
972.03
972.15
972.04
972.11
972.10
972.14
972.09
972.07
972.09
972.05
972.07
972.00
972.07
972.05
972.12
972.05
972.07
972.08
972.05
972.11
972.17
972.06
972.10
972.01
972.08
972.11
972.09
972.01
972.02
972.07
972.08
972.10
972.00
972.11
972.05
972.07
972.09
972.06
972.03
972.08
972.10
971.98
972.08
972.10
972.08
972.11
972.08
972.07
972.00
972.17
972.05
972.12
972.07
972.02
972.12
972.10
972.15
972.12
972.12
971.95
972.15
972.15
972.15
972.10
972.12
972.14
972.09
972.10
972.04
972.18
972.07
972.11
972.09
971.97
972.17
972.13
972.10
972.04
972.07
972.06
972.14
972.10
972.03
972.07
972.07
972.06
972.12
972.05
972.06
972.11
972.11
972.09
972.09
972.11
972.10
972.16
972.03
972.03
972.07
971.99
972.01
972.09
972.05
972.08
971.94
972.08
972.12
972.09
972.10
972.04
972.01
972.06
972.06
971.99
972.10
972.10
972.10
972.05
972.06
972.06
972.15
972.12
972.06
972.10
972.04
972.06
972.12
972.14
972.06
971.96
972.00
972.19
972.03
972.14
972.17
972.12
972.04
972.01
972.03
972.10
972.12
972.11
972.05
972.06
972.08
972.18
972.02
972.14
972.15
972.19
972.18
972.15
972.20
972.09
972.11
972.05
972.04
972.04
972.07
972.08
972.08
972.02
972.02
972.04
972.01
972.18
972.05
972.18
972.08
972.09
972.09
972.09
972.02
972.05
972.06
972.12
972.11
972.10
972.08
972.12
972.09
972.06
972.08
972.03
972.07
972.05
972.10
972.07
972.08
972.06
972.08
972.08
972.13
972.08
972.13
971.98
972.09
972.09
972.09
972.07
972.14
972.04
972.13
972.03
972.03
972.01
972.01
972.01
972.04
972.01
972.09
972.05
972.02
972.05
972.13
972.02
972.08
972.06
972.12
972.09
972.11
972.17
972.12
972.17
972.03
972.10
972.08
971.97
972.05
972.10
972.15
972.18
972.11
972.03
972.13
972.16
972.15
972.06
972.09
972.18
972.15
972.06
972.10
972.12
972.07
972.11
972.03
972.17
972.18
972.14
972.13
972.18
972.13
972.11
972.18
972.12
972.10
972.09
972.08
972.18
972.19
972.22
972.04
972.09
972.20
972.15
972.12
972.19
972.17
972.17
972.21
972.21
972.16
972.16
972.07
972.20
972.13
972.16
972.17
972.24
972.10
972.24
972.12
972.21
972.22
972.22
972.16
972.25
972.20
972.12
972.23
972.22
972.29
972.25
972.22
972.25
972.22
972.32
972.23
972.25
972.18
972.23
972.25
972.31
972.27
972.18
972.23
972.30
972.27
972.23
972.22
972.28
972.26
972.21
972.20
972.36
972.32
972.34
972.25
972.25
972.26
972.25
972.28
972.23
972.25
972.36
972.34
972.32
972.18
972.18
972.22
972.19
972.30
972.28
972.24
972.29
972.24
972.31
972.24
972.31
972.25
972.20
972.33
972.39
972.29
972.41
972.28
972.25
972.24
972.28
972.30
972.25
972.19
972.21
972.25
972.28
972.29
972.26
972.25
972.28
972.35
972.34
972.37
972.29
972.32
972.38
972.35
972.33
972.39
972.36
972.29
972.35
972.28
972.32
972.29
972.37
972.39
972.42
972.33
972.29
972.29
972.41
972.35
972.42
972.32
972.31
972.34
972.38
972.32
972.35
972.41
972.30
972.29
972.32
972.34
972.31
972.40
972.41
972.40
972.38
972.38
972.37
972.45
972.36
972.40
972.45
972.35
972.43
972.35
972.39
972.45
972.35
972.32
972.33
972.35
972.32
972.35
972.36
972.38
972.30
972.37
972.40
972.38
972.38
972.32
972.40
972.42
972.35
972.35
972.29
972.27
972.37
972.28
972.32
972.36
972.28
972.31
972.31
972.39
972.40
972.34
972.43
972.40
972.38
972.36
972.35
972.35
972.35
972.43
972.38
972.35
972.27
972.33
972.33
972.32
972.35
972.30
972.33
972.38
972.30
972.28
972.33
972.33
972.32
972.31
972.30
972.36
972.27
972.36
972.37
972.37
972.41
972.33
972.35
972.29
972.30
972.34
972.33
972.40
972.38
972.30
972.34
972.30
972.33
972.30
972.25
972.38
972.31
972.29
972.27
972.29
972.27
972.28
972.39
972.33
972.20
972.24
972.26
972.26
972.32
972.14
972.18
972.27
972.21
972.25
972.22
972.25
972.27
972.22
972.29
972.31
972.31
972.25
972.18
972.36
972.27
972.22
972.29
972.18
972.20
972.27
972.29
972.19
972.22
972.23
972.29
972.23
972.30
972.28
972.33
972.23
972.26
972.19
972.24
972.30
972.36
972.34
972.30
972.23
972.26
972.16
972.28
972.26
972.32
972.30
972.27
972.26
972.21
972.26
972.32
972.27
972.27
972.23
972.29
972.31
972.28
972.36
972.23
972.33
972.31
972.29
972.29
972.28
972.35
972.37
972.35
972.31
972.38
972.36
972.36
972.30
972.31
972.29
972.18
972.27
972.32
972.26
972.35
972.24
972.30
972.24
972.31
972.31
972.37
972.33
972.31
972.32
972.42
972.32
972.34
972.25
972.35
972.35
972.39
972.26
972.33
972.37
972.39
972.33
972.37
972.33
972.27
972.39
972.31
972.31
972.33
972.25
972.28
972.29
972.33
972.30
972.27
972.21
972.35
972.37
972.34
972.31
972.25
972.31
972.33
972.37
972.34
972.26
972.36
972.33
972.35
972.28
972.27
972.29
972.41
972.23
972.28
972.20
972.31
972.37
972.26
972.30
972.29
972.20
972.31
972.21
972.20
972.21
972.20
972.28
972.18
972.20
972.27
972.20
972.23
972.29
972.25
972.10
972.23
972.23
972.25
972.20
972.26
972.27
972.25
972.27
972.17
972.16
972.12
972.14
972.22
972.09
972.12
972.12
972.17
972.19
972.17
972.15
972.13
972.19
972.12
972.19
972.10
972.25
972.18
972.17
972.25
972.15
972.14
972.17
972.24
972.20
972.19
972.14
972.15
972.13
972.19
972.25
972.17
972.29
972.29
972.23
972.20
972.12
972.28
972.26
972.16
972.21
972.15
972.23
972.20
972.35
972.20
972.33
972.26
972.38
972.30
972.26
972.26
972.27
972.25
972.25
972.23
972.19
972.27
972.17
972.21
972.17
972.25
972.16
972.24
972.21
972.25
972.21
972.15
972.16
972.22
972.19
972.20
972.30
972.21
972.28
972.24
972.28
972.27
972.21
972.24
972.15
972.15
972.27
972.25
972.25
972.18
972.22
972.16
972.25
972.22
972.17
972.17
972.11
972.20
972.13
972.18
972.13
972.15
972.13
972.15
972.17
972.15
972.14
972.09
972.17
972.07
972.10
972.08
972.17
972.16
972.18
972.11
972.07
972.15
972.14
972.15
972.17
972.17
972.17
972.22
972.17
972.14
972.11
972.13
972.25
972.14
972.17
972.20
972.09
972.05
972.09
971.99
972.09
972.09
972.08
972.16
972.05
972.10
972.15
972.05
972.20
972.18
972.15
972.16
972.14
972.19
972.13
972.10
972.11
972.11
972.05
972.08
972.19
972.08
972.04
972.13
972.03
972.09
972.07
972.10
972.07
972.15
972.09
972.13
972.10
971.99
972.13
972.11
972.07
972.13
972.06
972.08
972.07
972.03
972.00
972.08
972.09
971.97
972.02
971.99
971.97
972.05
972.02
972.07
972.03
972.01
972.05
971.99
972.08
972.06
972.00
972.01
972.07
972.02
972.07
971.99
971.99
971.98
972.09
972.06
972.05
972.01
972.07
972.03
971.98
971.95
972.00
972.03
972.02
972.01
971.98
972.00
971.99
972.06
971.96
971.96
971.96
972.03
971.88
972.00
971.98
971.94
971.97
971.93
971.94
972.04
971.97
971.91
971.97
971.97
972.05
972.02
972.02
971.97
971.91
972.01
971.98
971.97
971.96
971.89
972.01
971.94
971.93
972.01
971.95
971.86
971.88
971.91
971.85
971.93
971.94
971.96
971.89
971.90
971.95
971.92
971.84
971.82
971.92
971.88
971.93
971.91
971.84
971.90
971.83
971.94
971.87
971.93
971.90
971.81
971.85
971.87
971.87
971.80
971.77
971.75
971.83
971.83
971.81
971.88
971.83
971.80
971.72
971.79
971.81
971.91
971.83
971.90
971.82
971.85
971.75
971.84
971.82
971.88
971.81
971.83
971.83
971.89
971.87
971.84
971.70
971.78
971.83
971.82
971.76
971.82
971.80
971.86
971.81
971.75
971.80
971.72
971.73
971.76
971.68
971.75
971.68
971.73
971.68
971.68
971.65
971.75
971.75
971.74
971.66
971.75
971.66
971.70
971.75
971.73
971.71
971.66
971.82
971.78
971.75
971.68
971.73
971.74
971.65
971.74
971.74
971.74
971.66
971.75
971.62
971.71
971.69
971.80
971.66
971.71
971.66
971.77
971.83
971.76
971.71
971.76
971.58
971.66
971.67
971.73
971.70
971.72
971.69
971.72
971.68
971.70
971.68
971.68
971.72
971.59
971.63
971.63
971.59
971.69
971.61
971.70
971.65
971.68
971.71
971.60
971.70
971.60
971.68
971.62
971.68
971.64
971.68
971.61
971.67
971.55
971.68
971.62
971.72
971.52
971.60
971.68
971.61
971.59
971.67
971.73
971.68
971.68
971.65
971.62
971.67
971.68
971.64
971.67
971.62
971.60
971.67
971.68
971.58
971.60
971.53
971.58
971.63
971.53
971.58
971.55
971.55
971.65
971.57
971.70
971.59
971.65
971.57
971.65
971.62
971.59
971.54
971.64
971.58
971.52
971.62
971.64
971.55
971.59
971.58
971.62
971.57
971.57
971.57
971.58
971.57
971.59
971.69
971.58
971.73
971.60
971.54
971.63
971.71
971.53
971.71
971.67
971.50
971.71
971.61
971.64
971.61
971.69
971.68
971.68
971.60
971.60
971.54
971.70
971.63
971.56
971.66
971.70
971.62
971.61
971.59
971.63
971.58
971.60
971.61
971.63
971.58
971.64
971.66
971.60
971.56
971.56
971.59
971.59
971.57
971.64
971.52
971.60
971.58
971.71
971.68
971.63
971.61
971.64
971.66
971.62
971.61
971.59
971.55
971.55
971.56
971.62
971.63
971.51
971.60
971.60
971.57
971.58
971.62
971.56
971.61
971.61
971.61
971.55
971.54
971.67
971.67
971.54
971.61
971.54
971.66
971.71
971.64
971.56
971.62
971.68
971.70
971.69
971.70
971.70
971.77
971.77
971.70
971.79
971.65
971.67
971.80
971.67
971.67
971.70
971.74
971.71
971.68
971.72
971.71
971.63
971.69
971.69
971.70
971.65
971.78
971.73
971.77
971.74
971.79
971.70
971.78
971.69
971.74
971.72
971.71
971.66
971.74
971.73
971.78
971.82
971.75
971.76
971.73
971.69
971.79
971.61
971.74
971.66
971.82
971.72
971.74
971.80
971.74
971.74
971.61
971.79
971.73
971.72
971.70
971.69
971.70
971.78
971.84
971.82
971.72
971.83
971.73
971.61
971.78
971.76
971.67
971.83
971.75
971.81
971.74
971.73
971.83
971.77
971.73
971.79
971.83
971.76
971.81
971.81
971.88
971.86
971.77
971.75
971.91
971.84
971.87
971.87
971.84
971.86
971.89
971.89
971.84
971.81
971.81
971.89
971.86
971.92
971.88
971.90
971.78
971.77
971.78
971.85
971.91
971.82
971.89
971.88
971.85
971.92
971.97
972.00
971.90
971.88
971.93
971.94
971.89
971.87
971.89
971.94
971.89
971.81
971.93
971.82
971.86
971.86
971.83
971.81
971.86
971.94
971.93
971.83
971.87
971.93
971.84
971.83
971.79
971.82
971.88
971.84
971.87
971.85
971.80
971.83
971.81
971.83
971.81
971.80
971.78
971.78
971.80
971.80
971.83
971.73
971.89
971.82
971.80
971.81
971.86
971.89
971.79
971.83
971.78
971.93
971.87
971.88
971.80
971.83
971.88
971.78
971.76
971.80
971.86
971.87
971.83
971.86
971.81
971.79
971.90
971.82
971.79
971.83
971.86
971.85
971.80
971.85
971.82
971.85
971.84
971.77
971.83
971.78
971.87
971.84
971.92
971.82
971.83
971.81
971.88
971.84
971.78
971.86
971.79
971.93
971.97
971.87
971.83
971.86
971.89
971.92
971.95
971.88
971.83
971.82
971.80
971.82
971.89
971.87
971.87
971.87
971.90
971.91
971.86
971.82
971.89
971.92
971.92
971.89
971.99
971.91
971.85
971.92
971.92
971.96
971.86
971.93
971.87
971.99
971.96
971.94
971.91
971.96
972.01
971.96
971.97
972.03
972.01
971.97
971.96
972.04
972.04
972.01
972.03
971.88
971.99
971.93
972.02
971.98
972.09
971.96
971.97
972.05
972.04
971.93
971.98
971.96
972.03
971.95
971.94
971.96
972.03
972.00
972.10
972.01
971.97
972.00
971.99
972.03
971.99
971.98
972.04
971.93
972.00
972.09
972.03
972.06
972.04
972.06
972.02
971.98
972.06
972.10
971.94
972.00
972.03
971.99
972.06
972.07
972.04
972.14
972.11
972.02
972.09
972.06
972.05
972.01
972.01
972.01
972.01
972.00
972.03
972.02
972.04
972.04
972.09
971.99
972.06
972.07
971.97
972.06
971.94
972.05
972.07
972.14
972.01
972.11
972.02
972.06
972.03
972.17
972.08
972.02
971.95
972.04
972.10
972.00
972.04
972.02
972.11
971.99
972.06
972.06
972.07
972.02
972.00
971.95
972.04
972.01
972.02
971.99
971.92
971.98
971.96
971.98
972.01
972.01
972.05
972.01
972.04
972.02
972.02
971.96
972.03
971.99
971.98
972.00
971.98
971.92
971.96
972.01
972.03
971.98
971.97
971.94
972.11
972.08
972.07
972.03
971.98
971.99
971.96
971.97
972.05
972.04
972.00
972.07
971.92
972.00
972.02
972.00
972.10
971.98
972.05
971.98
972.02
971.95
972.05
972.00
972.04
971.88
971.94
971.93
972.00
971.97
971.96
972.04
971.92
971.93
971.93
972.03
971.97
971.93
971.95
971.95
972.01
972.02
971.95
972.02
971.98
971.97
971.99
972.02
972.08
971.95
971.96
971.89
972.10
972.07
972.07
971.89
972.02
972.05
972.08
972.05
972.03
971.96
972.00
972.04
972.01
972.03
971.99
972.01
972.00
972.07
971.95
972.11
972.01
972.04
972.06
972.05
972.07
971.99
972.03
971.97
972.10
971.99
972.07
971.96
972.10
971.99
972.10
972.07
972.04
972.04
972.09
972.03
971.99
972.09
972.04
972.03
972.16
972.10
972.13
972.14
972.12
972.02
972.09
972.07
972.10
972.21
972.10
972.07
972.14
972.21
972.16
972.13
972.12
972.18
972.09
972.14
972.16
972.13
972.07
972.20
972.07
972.11
972.19
972.16
972.15
972.17
972.20
972.25
972.25
972.28
972.23
972.25
972.20
972.24
972.23
972.21
972.25
972.20
972.23
972.20
972.19
972.32
972.19
972.15
972.17
972.27
972.22
972.21
972.29
972.19
972.30
972.24
972.26
972.23
972.26
972.28
972.20
972.26
972.19
972.15
972.29
972.39
972.18
972.26
972.28
972.32
972.32
972.30
972.26
972.29
972.32
972.29
972.32
972.33
972.38
972.19
972.35
972.29
972.32
972.33
972.31
972.32
972.29
972.27
972.37
972.34
972.31
972.36
972.29
972.29
972.29
972.28
972.32
972.48
972.28
972.29
972.34
972.32
972.26
972.34
972.31
972.35
972.30
972.34
972.39
972.36
972.36
972.30
972.32
972.33
972.35
972.31
972.36
972.32
972.30
972.28
972.31
972.33
972.28
972.30
972.33
972.38
972.27
972.34
972.28
972.32
972.31
972.31
972.35
972.41
972.39
972.35
972.40
972.35
972.32
972.39
972.44
972.39
972.40
972.37
972.33
972.44
972.46
972.49
972.37
972.36
972.38
972.32
972.47
972.32
972.47
972.47
972.49
972.41
972.49
972.37
972.38
972.32
972.41
972.42
972.37
972.39
972.39
972.45
972.53
972.53
972.41
972.61
972.48
972.52
972.38
972.52
972.48
972.54
972.49
972.53
972.56
972.52
972.63
972.47
972.53
972.58
972.53
972.58
972.60
972.46
972.57
972.55
972.63
972.63
972.57
972.57
972.49
972.59
972.54
972.55
972.56
972.55
972.65
972.60
972.64
972.53
972.58
972.59
972.59
972.62
972.62
972.62
972.62
972.58
972.61
972.61
972.58
972.61
972.69
972.73
972.64
972.55
972.62
972.56
972.68
972.74
972.68
972.63
972.70
972.70
972.58
972.70
972.65
972.61
972.62
972.66
972.63
972.65
972.59
972.61
972.60
972.65
972.67
972.67
972.68
972.71
972.71
972.67
972.72
972.82
972.64
972.66
972.72
972.64
972.69
972.78
972.72
972.70
972.77
972.58
972.64
972.65
972.77
972.69
972.61
972.66
972.64
972.72
972.59
972.65
972.68
972.67
972.72
972.75
972.63
972.66
972.75
972.73
972.69
972.76
972.71
972.67
972.72
972.66
972.64
972.68
972.65
972.62
972.67
972.70
972.70
972.57
972.66
972.67
972.62
972.75
972.72
972.76
972.68
972.79
972.72
972.71
972.71
972.72
972.65
972.75
972.62
972.72
972.65
972.72
972.62
972.70
972.70
972.71
972.76
972.67
972.72
972.70
972.71
972.64
972.61
972.67
972.65
972.69
972.73
972.67
972.72
972.71
972.74
972.76
972.71
972.80
972.78
972.65
972.79
972.77
972.79
972.70
972.73
972.71
972.66
972.76
972.65
972.74
972.71
972.80
972.73
972.70
972.75
972.73
972.73
972.72
972.77
972.80
972.70
972.71
972.80
972.72
972.75
972.78
972.80
972.77
972.84
972.80
972.76
972.86
972.86
972.86
972.82
972.82
972.79
972.76
972.79
972.84
972.89
972.90
972.90
972.89
972.90
972.90
972.88
972.92
972.84
972.89
972.87
972.77
972.92
972.92
972.89
972.79
972.87
972.81
972.79
972.76
972.89
972.86
972.89
972.90
972.95
972.93
972.85
972.78
972.99
972.89
972.90
972.94
972.91
972.86
972.97
972.80
972.90
972.89
972.87
972.88
972.90
972.91
972.97
972.89
972.89
972.91
972.97
972.97
972.96
972.96
972.95
973.01
973.00
972.93
973.00
972.92
972.94
972.97
972.90
972.98
972.95
973.01
972.88
972.86
972.89
972.99
972.92
972.93
972.97
972.91
972.85
972.96
972.91
972.93
972.85
972.93
972.91
972.90
972.95
972.85
973.00
972.97
972.86
972.92
972.87
972.86
972.97
972.88
972.92
972.94
972.97
972.79
972.86
972.89
972.89
972.87
972.90
972.94
972.85
972.98
972.87
972.96
972.95
972.82
972.80
972.84
972.83
972.85
972.97
972.94
972.93
972.84
972.93
972.95
972.96
972.88
972.89
972.93
972.97
972.86
972.79
972.85
972.81
972.90
972.90
972.85
972.91
972.87
972.83
972.91
972.91
972.98
972.97
973.03
972.88
972.85
972.91
972.92
972.86
972.84
972.84
972.95
972.82
972.95
972.91
972.87
972.84
972.86
972.88
972.84
972.82
972.96
972.94
972.87
972.96
972.87
972.79
972.98
972.98
972.94
972.85
972.93
972.92
972.83
972.96
972.88
972.93
972.86
972.93
972.93
972.97
972.98
972.89
972.96
972.93
972.92
972.94
972.92
972.97
973.01
973.02
973.00
973.08
972.94
972.89
972.97
972.95
972.93
972.87
973.00
972.87
972.91
973.00
972.96
972.98
972.89
972.89
972.90
972.93
972.83
972.94
972.89
972.87
972.90
972.80
972.81
972.92
972.87
972.79
972.82
972.82
972.86
972.89
972.81
972.81
972.96
972.91
972.81
972.79
972.88
972.79
972.92
972.92
972.81
972.85
972.92
972.86
972.87
972.87
972.91
972.92
972.87
972.94
972.85
972.88
972.88
972.82
972.90
972.78
972.87
972.87
972.89
972.82
972.92
972.79
972.76
972.74
972.88
972.85
972.87
972.95
972.84
972.90
972.82
972.88
972.93
972.93
972.89
972.89
972.89
972.90
972.91
972.89
972.95
972.87
972.92
972.90
972.89
972.94
972.80
972.90
972.88
972.92
972.89
972.84
972.93
972.79
972.89
972.95
972.80
972.90
972.80
972.76
972.89
972.90
972.85
972.74
972.85
972.82
972.87
972.92
972.76
972.74
972.83
972.92
972.75
972.80
972.87
972.80
972.83
972.84
972.78
972.85
972.81
972.85
972.81
972.75
972.81
972.83
972.92
972.88
972.84
972.88
972.87
972.94
972.78
972.71
972.76
972.74
972.77
972.86
972.85
972.79
972.80
972.88
972.78
972.81
972.82
972.85
972.74
972.78
972.79
972.77
972.77
972.75
972.71
972.78
972.81
972.81
972.75
972.75
972.70
972.79
972.72
972.67
972.77
972.71
972.72
972.69
972.67
972.69
972.67
972.64
972.70
972.79
972.70
972.64
972.65
972.71
972.69
972.68
972.67
972.59
972.66
972.67
972.61
972.60
972.70
972.58
972.68
972.61
972.64
972.68
972.64
972.55
972.63
972.64
972.56
972.59
972.55
972.62
972.65
972.57
972.56
972.58
972.59
972.61
972.56
972.57
972.48
972.47
972.47
972.44
972.52
972.55
972.47
972.54
972.42
972.55
972.49
972.52
972.54
972.47
972.53
972.43
972.45
972.40
972.37
972.45
972.47
972.43
972.41
972.47
972.46
972.44
972.43
972.48
972.46
972.42
972.43
972.47
972.48
972.44
972.44
972.47
972.38
972.37
972.40
972.39
972.43
972.42
972.37
972.40
972.41
972.47
972.40
972.40
972.36
972.49
972.43
972.39
972.33
972.48
972.48
972.43
972.39
972.42
972.38
972.40
972.33
972.35
972.33
972.33
972.40
972.37
972.36
972.41
972.32
972.33
972.31
972.40
972.39
972.31
972.38
972.27
972.41
972.41
972.37
972.41
972.37
972.43
972.46
972.34
972.37
972.39
972.29
972.32
972.37
972.32
972.46
972.37
972.33
972.32
972.26
972.32
972.35
972.26
972.29
972.36
972.40
972.29
972.34
972.30
972.28
972.26
972.39
972.24
972.25
972.21
972.25
972.26
972.27
972.36
972.33
972.32
972.36
972.29
972.39
972.31
972.24
972.28
972.33
972.32
972.32
972.23
972.26
972.31
972.23
972.30
972.38
972.32
972.37
972.41
972.38
972.31
972.33
972.26
972.34
972.26
972.29
972.36
972.31
972.31
972.34
972.29
972.35
972.39
972.39
972.36
972.28
972.37
972.32
972.40
972.42
972.28
972.42
972.36
972.39
972.37
972.33
972.33
972.33
972.37
972.29
972.37
972.34
972.39
972.34
972.26
972.34
972.33
972.43
972.35
972.28
972.40
972.39
972.35
972.33
972.39
972.52
972.42
972.34
972.38
972.39
972.41
972.43
972.40
972.38
972.45
972.36
972.52
972.44
972.43
972.44
972.43
972.37
972.39
972.39
972.42
972.43
972.38
972.38
972.36
972.37
972.40
972.38
972.41
972.39
972.41
972.40
972.35
972.32
972.28
972.35
972.40
972.38
972.30
972.30
972.37
972.40
972.40
972.37
972.38
972.45
972.31
972.46
972.38
972.43
972.35
972.37
972.37
972.27
972.31
972.35
972.32
972.34
972.39
972.31
972.31
972.30
972.25
972.35
972.26
972.25
972.33
972.26
972.33
972.29
972.29
972.29
972.34
972.26
972.38
972.28
972.33
972.26
972.33
972.32
972.30
972.30
972.32
972.38
972.20
972.23
972.20
972.30
972.27
972.41
972.32
972.26
972.40
972.41
972.41
972.34
972.40
972.33
972.39
972.37
972.36
972.32
972.39
972.36
972.38
972.52
972.41
972.40
972.41
972.44
972.41
972.39
972.46
972.35
972.39
972.29
972.28
972.38
972.40
972.36
972.42
972.41
972.36
972.35
972.48
972.40
972.43
972.47
972.24
972.40
972.44
972.36
972.33
972.42
972.32
972.42
972.48
972.35
972.38
972.31
972.35
972.34
972.29
972.40
972.37
972.32
972.35
972.36
972.36
972.34
972.36
972.37
972.29
972.36
972.33
972.47
972.36
972.44
972.44
972.37
972.39
972.41
972.46
972.41
972.47
972.36
972.43
972.46
972.47
972.44
972.45
972.40
972.46
972.45
972.43
972.39
972.37
972.38
972.35
972.40
972.43
972.36
972.35
972.35
972.46
972.43
972.41
972.45
972.36
972.39
972.37
972.36
972.40
972.35
972.35
972.41
972.38
972.33
972.35
972.40
972.43
972.39
972.28
972.34
972.36
972.35
972.34
972.33
972.39
972.36
972.49
972.44
972.35
972.40
972.38
972.43
972.36
972.39
972.45
972.37
972.35
972.44
972.39
972.41
972.41
972.42
972.44
972.46
972.39
972.30
972.46
972.46
972.47
972.48
972.45
972.46
972.43
972.45
972.55
972.44
972.40
972.44
972.55
972.47
972.44
972.45
972.46
972.39
972.61
972.47
972.59
972.49
972.49
972.49
972.56
972.45
972.56
972.56
972.59
972.46
972.53
972.40
972.57
972.46
972.47
972.48
972.48
972.56
972.48
972.45
972.36
972.43
972.46
972.46
972.49
972.41
972.41
972.40
972.45
972.49
972.52
972.47
972.49
972.41
972.46
972.41
972.45
972.43
972.49
972.45
972.49
972.47
972.43
972.45
972.45
972.32
972.35
972.38
972.29
972.46
972.38
972.37
972.43
972.38
972.42
972.47
972.36
972.35
972.29
972.35
972.33
972.32
972.31
972.42
972.43
972.40
972.30
972.31
972.34
972.30
972.36
972.33
972.29
972.38
972.35
972.34
972.52
972.40
972.33
972.36
972.41
972.29
972.40
972.36
972.40
972.36
972.43
972.44
972.43
972.53
972.42
972.46
972.45
972.37
972.40
972.48
972.38
972.39
972.40
972.45
972.43
972.39
972.49
972.41
972.36
972.35
972.38
972.31
972.33
972.39
972.41
972.39
972.39
972.36
972.32
972.33
972.47
972.41
972.41
972.39
972.36
972.35
972.39
972.41
972.38
972.37
972.36
972.38
972.33
972.35
972.36
972.33
972.26
972.29
972.25
972.33
972.28
972.32
972.33
972.30
972.33
972.34
972.32
972.38
972.33
972.32
972.24
972.28
972.29
972.24
972.33
972.25
972.28
972.30
972.31
972.37
972.42
972.33
972.32
972.33
972.36
972.29
972.36
972.37
972.39
972.35
972.32
972.31
972.36
972.30
972.24
972.28
972.24
972.29
972.36
972.28
972.25
972.32
972.37
972.28
972.41
972.28
972.28
972.25
972.32
972.31
972.23
972.30
972.22
972.30
972.34
972.26
972.26
972.31
972.37
972.40
972.30
972.27
972.29
972.32
972.33
972.25
972.36
972.28
972.31
972.29
972.34
972.24
972.31
972.24
972.26
972.32
972.25
972.33
972.26
972.39
972.39
972.37
972.29
972.34
972.34
972.39
972.28
972.38
972.26
972.31
972.26
972.26
972.30
972.25
972.30
972.30
972.19
972.28
972.26
972.23
972.21
972.32
972.16
972.22
972.25
972.18
972.22
972.27
972.23
972.21
972.21
972.23
972.28
972.25
972.30
972.24
972.18
972.18
972.21
972.22
972.16
972.25
972.22
972.23
972.21
972.23
972.20
972.17
972.24
972.23
972.18
972.22
972.19
972.15
972.19
972.24
972.22
972.24
972.25
972.23
972.23
972.17
972.18
972.24
972.20
972.18
972.22
972.20
972.13
972.26
972.17
972.27
972.16
972.21
972.21
972.21
972.28
972.19
972.16
972.25
972.23
972.28
972.16
972.23
972.29
972.22
972.27
972.30
972.27
972.21
972.30
972.28
972.21
972.20
972.29
972.31
972.30
972.26
972.21
972.20
972.24
972.34
972.26
972.31
972.33
972.22
972.18
972.28
972.18
972.28
972.22
972.19
972.23
972.18
972.31
972.22
972.27
972.22
972.28
972.20
972.22
972.18
972.19
972.11
972.13
972.34
972.29
972.26
972.24
972.28
972.21
972.06
972.23
972.11
972.26
972.22
972.32
972.20
972.23
972.23
972.23
972.21
972.19
972.17
972.20
972.25
972.25
972.26
972.25
972.23
972.20
972.23
972.23
972.26
972.20
972.26
972.25
972.24
972.23
972.21
972.16
972.22
972.15
972.18
972.20
972.19
972.24
972.23
972.27
972.15
972.22
972.26
972.26
972.24
972.20
972.22
972.25
972.26
972.21
972.24
972.29
972.23
972.25
972.29
972.28
972.20
972.32
972.29
972.33
972.34
972.29
972.32
972.22
972.25
972.26
972.29
972.35
972.33
972.23
972.29
972.26
972.30
972.26
972.34
972.28
972.34
972.22
972.31
972.31
972.25
972.31
972.31
972.40
972.26
972.30
972.30
972.34
972.34
972.34
972.24
972.36
972.39
972.40
972.37
972.33
972.26
972.28
972.38
972.33
972.28
972.41
972.39
972.39
972.41
972.31
972.30
972.29
972.35
972.36
972.34
972.33
972.36
972.37
972.34
972.39
972.30
972.27
972.31
972.29
972.38
972.34
972.32
972.31
972.34
972.24
972.32
972.31
972.40
972.33
972.36
972.34
972.35
972.27
972.37
972.28
972.45
972.40
972.37
972.34
972.34
972.33
972.46
972.34
972.39
972.43
972.45
972.41
972.33
972.38
972.41
972.34
972.49
972.31
972.43
972.35
972.45
972.44
972.41
972.43
972.37
972.40
972.43
972.40
972.41
972.47
972.47
972.44
972.38
972.37
972.42
972.32
972.31
972.40
972.41
972.44
972.45
972.42
972.45
972.40
972.33
972.37
972.37
972.45
972.43
972.43
972.39
972.34
972.36
972.26
972.34
972.36
972.42
972.35
972.30
972.37
972.30
972.35
972.34
972.41
972.43
972.37
972.42
972.33
972.38
972.44
972.34
972.32
972.39
972.35
972.35
972.35
972.33
972.40
972.36
972.29
972.33
972.36
972.35
972.33
972.31
972.35
972.33
972.26
972.29
972.38
972.33
972.33
972.35
972.27
972.30
972.27
972.26
972.38
972.37
972.26
972.29
972.30
972.34
972.33
972.25
972.31
972.29
972.33
972.43
972.30
972.32
972.35
972.24
972.27
972.38
972.28
972.28
972.38
972.37
972.48
972.37
972.27
972.26
972.33
972.30
972.29
972.30
972.25
972.27
972.31
972.22
972.30
972.31
972.35
972.29
972.28
972.29
972.30
972.28
972.20
972.36
972.22
972.29
972.24
972.24
972.28
972.31
972.34
972.33
972.21
972.31
972.30
972.24
972.35
972.32
972.33
972.26
972.35
972.32
972.42
972.27
972.28
972.29
972.30
972.30
972.24
972.24
972.32
972.32
972.30
972.34
972.32
972.34
972.32
972.32
972.32
972.24
972.40
972.37
972.27
972.36
972.24
972.27
972.32
972.28
972.30
972.36
972.32
972.35
972.30
972.33
972.32
972.32
972.52
972.34
972.29
972.37
972.26
972.38
972.38
972.37
972.35
972.39
972.43
972.36
972.42
972.42
972.36
972.44
972.38
972.35
972.41
972.41
972.42
972.42
972.40
972.46
972.38
972.43
972.44
972.39
972.38
972.37
972.40
972.39
972.47
972.38
972.37
972.41
972.44
972.49
972.39
972.32
972.48
972.38
972.49
972.36
972.30
972.34
972.46
972.39
972.39
972.43
972.39
972.39
972.36
972.44
972.40
972.45
972.46
972.48
972.39
972.39
972.49
972.43
972.42
972.44
972.40
972.48
972.41
972.56
972.41
972.44
972.41
972.44
972.35
972.46
972.46
972.48
972.52
972.40
972.38
972.49
972.45
972.48
972.38
972.52
972.42
972.56
972.53
972.41
972.43
972.53
972.49
972.48
972.54
972.46
972.43
972.44
972.53
972.60
972.62
972.61
972.46
972.52
972.41
972.55
972.53
972.54
972.46
972.57
972.52
972.52
972.58
972.58
972.54
972.57
972.52
972.60
972.56
972.46
972.57
972.44
972.49
972.52
972.46
972.54
972.48
972.59
972.58
972.58
972.52
972.59
972.55
972.53
972.49
972.59
972.52
972.59
972.53
972.52
972.55
972.62
972.66
972.64
972.53
972.53
972.65
972.49
972.63
972.55
972.59
972.57
972.60
972.54
972.63
972.58
972.54
972.63
972.61
972.59
972.57
972.60
972.63
972.63
972.58
972.55
972.61
972.62
972.57
972.63
972.66
972.67
972.62
972.64
972.72
972.66
972.73
972.70
972.69
972.69
972.63
972.71
972.66
972.71
972.68
972.70
972.66
972.66
972.70
972.62
972.58
972.64
972.65
972.64
972.69
972.67
972.61
972.54
972.65
972.66
972.70
972.60
972.68
972.66
972.60
972.69
972.65
972.75
972.83
972.67
972.71
972.74
972.66
972.59
972.62
972.71
972.61
972.63
972.62
972.52
972.61
972.67
972.65
972.56
972.67
972.64
972.54
972.66
972.60
972.69
972.65
972.71
972.66
972.69
972.63
972.60
972.67
972.64
972.68
972.65
972.64
972.69
972.66
972.65
972.70
972.60
972.62
972.63
972.64
972.70
972.59
972.59
972.65
972.64
972.62
972.66
972.67
972.65
972.62
972.65
972.67
972.68
972.68
972.60
972.56
972.67
972.66
972.67
972.56
972.56
972.60
972.67
972.65
972.66
972.69
972.59
972.64
972.67
972.53
972.62
972.70
972.64
972.58
972.60
972.49
972.59
972.65
972.61
972.57
972.57
972.57
972.52
972.60
972.52
972.52
972.58
972.59
972.57
972.64
972.53
972.57
972.61
972.65
972.61
972.62
972.56
972.56
972.57
972.59
972.57
972.59
972.70
972.66
972.66
972.68
972.59
972.66
972.64
972.67
972.65
972.63
972.65
972.63
972.75
972.73
972.73
972.64
972.58
972.46
972.58
972.59
972.66
972.69
972.64
972.59
972.53
972.63
972.62
972.62
972.60
972.63
972.63
972.70
972.79
972.67
972.58
972.65
972.72
972.63
972.57
972.64
972.65
972.62
972.58
972.69
972.72
972.63
972.61
972.69
972.72
972.55
972.59
972.60
972.56
972.46
972.54
972.68
972.61
972.71
972.57
972.54
972.60
972.56
972.55
972.46
972.44
972.56
972.49
972.42
972.52
972.53
972.47
972.53
972.54
972.47
972.65
972.47
972.52
972.53
972.53
972.44
972.54
972.54
972.44
972.48
972.53
972.42
972.40
972.42
972.42
972.37
972.47
972.45
972.39
972.38
972.47
972.42
972.45
972.40
972.49
972.44
972.36
972.54
972.43
972.48
972.37
972.47
972.45
972.38
972.57
972.42
972.38
972.42
972.40
972.37
972.42
972.37
972.40
972.34
972.42
972.41
972.42
972.33
972.35
972.46
972.34
972.40
972.43
972.35
972.45
972.45
972.43
972.41
972.40
972.42
972.42
972.43
972.32
972.40
972.32
972.42
972.40
972.46
972.37
972.39
972.34
972.37
972.43
972.40
972.37
972.36
972.36
972.32
972.21
972.36
972.40
972.36
972.39
972.30
972.41
972.28
972.30
972.28
972.31
972.40
972.35
972.22
972.39
972.25
972.37
972.29
972.30
972.37
972.25
972.25
972.27
972.27
972.22
972.29
972.35
972.36
972.23
972.26
972.37
972.30
972.28
972.31
972.28
972.24
972.25
972.24
972.26
972.16
972.29
972.28
972.32
972.25
972.37
972.26
972.24
972.28
972.21
972.27
972.25
972.29
972.29
972.20
972.30
972.18
972.21
972.20
972.19
972.20
972.29
972.24
972.33
972.28
972.28
972.43
972.18
972.25
972.30
972.28
972.23
972.18
972.24
972.23
972.20
972.29
972.26
972.23
972.20
972.29
972.22
972.12
972.23
972.22
972.32
972.21
972.36
972.22
972.27
972.23
972.18
972.18
972.27
972.29
972.23
972.13
972.22
972.25
972.20
972.23
972.21
972.16
972.15
972.16
972.25
972.25
972.15
972.19
972.25
972.28
972.25
972.25
972.16
972.21
972.21
972.25
972.25
972.35
972.26
972.27
972.20
972.20
972.17
972.26
972.28
972.26
972.25
972.27
972.20
972.16
972.13
972.23
972.15
972.17
972.22
972.23
972.25
972.21
972.23
972.31
972.21
972.24
972.15
972.19
972.26
972.12
972.13
972.18
972.23
972.29
972.35
972.22
972.21
972.30
972.14
972.32
972.20
972.22
972.20
972.29
972.38
972.28
972.25
972.14
972.23
972.15
972.37
972.35
972.26
972.26
972.27
972.20
972.18
972.19
972.11
972.21
972.21
972.22
972.25
972.21
972.24
972.21
972.30
972.17
972.20
972.14
972.30
972.26
972.34
972.20
972.18
972.20
972.25
972.24
972.30
972.28
972.23
972.24
972.28
972.22
972.15
972.27
972.27
972.24
972.28
972.30
972.23
972.30
972.22
972.19
972.23
972.23
972.17
972.27
972.22
972.24
972.12
972.21
972.21
972.16
972.31
972.26
972.25
972.16
972.20
972.27
972.26
972.21
972.25
972.23
972.35
972.33
972.31
972.28
972.28
972.32
972.33
972.39
972.40
972.32
972.35
972.36
972.27
972.23
972.35
972.42
972.29
972.37
972.30
972.31
972.36
972.22
972.27
972.46
972.28
972.24
972.26
972.33
972.30
972.34
972.24
972.28
972.25
972.33
972.25
972.31
972.36
972.37
972.37
972.33
972.26
972.31
972.39
972.24
972.17
972.40
972.37
972.37
972.38
972.35
972.35
972.37
972.28
972.30
972.32
972.33
972.28
972.26
972.33
972.27
972.37
972.23
972.31
972.24
972.36
972.26
972.22
972.30
972.28
972.23
972.27
972.33
972.25
972.34
972.26
972.34
972.29
972.36
972.24
972.37
972.31
972.27
972.27
972.30
972.33
972.29
972.33
972.25
972.32
972.22
972.22
972.34
972.17
972.29
972.26
972.33
972.22
972.17
972.21
972.32
972.20
972.20
972.20
972.21
972.19
972.23
972.21
972.15
972.29
972.26
972.18
972.23
972.30
972.24
972.26
972.18
972.39
972.23
972.29
972.30
972.41
972.28
972.31
972.28
972.28
972.24
972.31
972.20
972.35
972.23
972.29
972.33
972.30
972.23
972.31
972.28
972.30
972.35
972.20
972.24
972.29
972.20
972.28
972.26
972.25
972.33
972.31
972.26
972.25
972.20
972.33
972.33
972.30
972.23
972.27
972.23
972.39
972.30
972.32
972.23
972.35
972.31
972.35
972.28
972.41
972.33
972.33
972.41
972.36
972.33
972.30
972.31
972.37
972.29
972.30
972.30
972.34
972.38
972.34
972.27
972.38
972.34
972.35
972.38
972.32
972.23
972.34
972.29
972.27
972.35
972.25
972.28
972.32
972.32
972.28
972.24
972.19
972.39
972.29
972.38
972.34
972.36
972.28
972.33
972.28
972.27
972.30
972.30
972.31
972.30
972.34
972.28
972.38
972.30
972.27
972.23
972.36
972.31
972.31
972.25
972.27
972.33
972.29
972.30
972.28
972.29
972.28
972.41
972.37
972.28
972.22
972.23
972.29
972.34
972.31
972.30
972.33
972.30
972.33
972.28
972.25
972.31
972.29
972.27
972.23
972.36
972.27
972.24
972.23
972.26
972.27
972.26
972.25
972.20
972.27
972.21
972.31
972.28
972.29
972.28
972.30
972.30
972.27
972.27
972.30
972.24
972.28
972.32
972.27
972.24
972.22
972.26
972.29
972.28
972.28
972.30
972.29
972.25
972.45
972.27
972.29
972.39
972.25
972.43
972.21
972.22
972.27
972.19
972.23
972.29
972.31
972.28
972.31
972.29
972.32
972.38
972.41
972.33
972.34
972.36
972.38
972.37
972.37
972.35
972.38
972.32
972.30
972.38
972.35
972.40
972.37
972.38
972.32
972.30
972.26
972.36
972.42
972.31
972.28
972.39
972.39
972.34
972.44
972.30
972.38
972.41
972.40
972.37
972.36
972.32
972.40
972.34
972.40
972.39
972.38
972.46
972.45
972.40
972.39
972.31
972.42
972.34
972.41
972.41
972.40
972.44
972.44
972.46
972.41
972.52
972.45
972.38
972.43
972.49
972.37
972.47
972.39
972.39
972.41
972.42
972.44
972.48
972.42
972.41
972.46
972.40
972.40
972.40
972.47
972.49
972.45
972.48
972.42
972.47
972.47
972.59
972.44
972.46
972.45
972.44
972.56
972.49
972.41
972.54
972.48
972.43
972.53
972.55
972.44
972.45
972.47
972.45
972.46
972.46
972.37
972.54
972.46
972.56
972.40
972.52
972.54
972.43
972.42
972.47
972.45
972.49
972.40
972.45
972.56
972.56
972.54
972.36
972.46
972.54
972.54
972.56
972.46
972.47
972.56
972.47
972.55
972.42
972.43
972.54
972.48
972.44
972.60
972.54
972.48
972.41
972.41
972.43
972.44
972.44
972.37
972.39
972.43
972.52
972.46
972.46
972.48
972.45
972.41
972.53
972.56
972.47
972.37
972.53
972.56
972.57
972.61
972.58
972.48
972.56
972.58
972.58
972.52
972.49
972.53
972.47
972.49
972.53
972.56
972.55
972.44
972.52
972.52
972.60
972.52
972.54
972.48
972.52
972.49
972.54
972.57
972.54
972.61
972.60
972.59
972.41
972.58
972.59
972.61
972.63
972.47
972.46
972.47
972.46
972.52
972.49
972.49
972.47
972.64
972.54
972.60
972.59
972.59
972.46
972.54
972.57
972.57
972.57
972.55
972.55
972.48
972.53
972.49
972.58
972.57
972.55
972.53
972.55
972.68
972.46
972.52
972.49
972.56
972.55
972.48
972.58
972.52
972.60
972.58
972.58
972.54
972.60
972.60
972.59
972.63
972.58
972.54
972.56
972.49
972.45
972.54
972.43
972.47
972.43
972.42
972.61
972.57
972.57
972.52
972.46
972.47
972.66
972.57
972.62
972.66
972.53
972.47
972.63
972.53
972.60
972.52
972.56
972.48
972.52
972.59
972.53
972.43
972.61
972.53
972.54
972.49
972.56
972.59
972.47
972.60
972.55
972.63
972.60
972.52
972.54
972.49
972.57
972.61
972.49
972.56
972.55
972.61
972.56
972.57
972.55
972.57
972.58
972.58
972.56
972.62
972.57
972.54
972.53
972.66
972.66
972.55
972.62
972.56
972.63
972.71
972.61
972.64
972.69
972.64
972.65
972.61
972.65
972.57
972.67
972.61
972.62
972.66
972.59
972.58
972.62
972.63
972.55
972.58
972.65
972.66
972.67
972.61
972.67
972.72
972.77
972.69
972.67
972.65
972.63
972.73
972.69
972.72
972.67
972.70
972.70
972.71
972.79
972.68
972.67
972.72
972.78
972.73
972.82
972.77
972.67
972.75
972.72
972.72
972.74
972.72
972.69
972.75
972.80
972.78
972.69
972.72
972.75
972.71
972.78
972.74
972.80
972.78
972.80
972.78
972.75
972.80
972.79
972.75
972.72
972.75
972.74
972.79
972.72
972.78
972.76
972.75
972.78
972.81
972.84
972.77
972.82
972.77
972.79
972.81
972.71
972.73
972.79
972.84
972.76
972.80
972.77
972.82
972.83
972.82
972.81
972.82
972.80
972.73
972.87
972.81
972.83
972.85
972.86
972.83
972.88
972.83
972.77
972.86
972.87
972.89
972.80
972.90
972.92
972.80
972.86
972.88
972.87
972.83
972.86
972.80
972.84
972.87
972.88
972.83
972.78
972.89
972.81
972.82
972.82
972.82
972.82
972.77
972.88
972.89
972.82
972.83
972.76
972.96
972.89
972.82
972.94
972.81
972.89
972.83
972.82
972.81
972.91
972.93
972.89
972.88
972.80
972.94
972.97
972.89
972.87
972.90
972.87
972.95
972.86
972.90
972.92
972.81
972.91
972.80
972.96
972.91
972.87
972.81
972.94
972.89
972.88
972.81
972.90
972.92
972.88
972.94
972.95
972.86
972.89
972.85
972.94
972.87
972.98
972.87
972.89
972.89
972.94
972.97
972.80
972.92
972.93
972.98
972.84
972.90
972.81
972.83
972.92
972.94
972.90
973.01
972.89
973.00
972.94
972.89
972.94
972.95
972.98
972.96
973.03
973.06
972.96
972.89
972.92
972.97
972.93
972.89
972.95
972.92
972.94
973.05
972.94
972.94
972.98
973.00
973.00
973.02
973.02
972.99
973.00
972.99
973.01
972.94
972.95
973.00
973.01
973.00
973.06
972.89
972.94
972.90
973.00
972.97
972.94
972.98
972.96
973.03
972.98
972.96
973.05
973.00
973.05
973.03
972.96
972.99
973.02
972.97
972.86
972.90
972.94
972.89
972.93
972.94
972.89
973.01
972.96
973.04
973.01
972.94
972.96
972.92
972.92
972.94
973.01
973.00
973.09
973.12
973.04
973.01
973.00
972.96
972.97
973.06
973.03
972.92
973.02
972.95
972.93
973.02
973.06
973.05
973.05
973.05
973.01
973.13
973.09
972.98
972.98
973.05
973.09
973.09
972.97
973.06
973.12
973.04
973.02
972.95
973.12
973.10
973.08
973.11
973.06
973.10
973.03
973.09
973.12
973.13
973.05
973.07
973.12
973.12
973.18
973.06
973.11
973.19
973.09
973.09
973.15
973.15
973.11
973.15
973.09
973.13
973.11
973.16
973.13
973.17
973.12
973.24
973.04
973.15
973.21
973.12
973.21
973.10
973.17
973.16
973.09
973.25
973.18
973.09
973.09
973.13
973.13
973.11
973.13
973.16
973.16
973.19
973.19
973.25
973.15
973.19
973.10
973.08
973.13
973.12
973.09
973.10
973.07
973.24
973.14
973.18
973.17
973.16
973.19
973.12
973.14
973.09
973.13
973.15
973.24
973.24
973.19
973.20
973.24
973.14
973.26
973.28
973.14
973.17
973.23
973.28
973.16
973.16
973.21
973.12
973.34
973.27
973.23
973.13
973.19
973.34
973.22
973.22
973.25
973.24
973.22
973.23
973.24
973.28
973.25
973.29
973.25
973.31
973.32
973.34
973.27
973.28
973.38
973.25
973.21
973.27
973.25
973.31
973.26
973.33
973.27
973.33
973.33
973.33
973.34
973.33
973.35
973.32
973.29
973.33
973.26
973.35
973.34
973.30
973.35
973.31
973.12
973.30
973.26
973.27
973.28
973.18
973.23
973.32
973.34
973.29
973.27
973.28
973.29
973.30
973.37
973.29
973.33
973.43
973.36
973.32
973.37
973.32
973.37
973.39
973.40
973.32
973.36
973.41
973.38
973.38
973.38
973.42
973.40
973.32
973.33
973.32
973.45
973.41
973.40
973.39
973.36
973.40
973.42
973.37
973.40
973.48
973.36
973.42
973.32
973.33
973.35
973.52
973.46
973.43
973.44
973.43
973.39
973.41
973.36
973.45
973.41
973.48
973.38
973.47
973.43
973.47
973.45
973.40
973.50
973.59
973.50
973.46
973.49
973.51
973.59
973.54
973.51
973.45
973.47
973.54
973.48
973.48
973.49
973.46
973.50
973.48
973.46
973.44
973.47
973.53
973.48
973.50
973.57
973.49
973.53
973.56
973.54
973.56
973.58
973.56
973.54
973.54
973.60
973.50
973.52
973.55
973.63
973.58
973.58
973.43
973.57
973.51
973.54
973.41
973.44
973.49
973.51
973.49
973.53
973.57
973.46
973.54
973.54
973.50
973.60
973.54
973.54
973.47
973.55
973.57
973.54
973.47
973.55
973.54
973.47
973.43
973.46
973.57
973.53
973.52
973.54
973.54
973.52
973.54
973.59
973.48
973.49
973.55
973.56
973.63
973.53
973.55
973.53
973.56
973.60
973.54
973.60
973.54
973.58
973.52
973.62
973.56
973.56
973.56
973.59
973.54
973.58
973.62
973.60
973.63
973.53
973.68
973.64
973.58
973.62
973.58
973.58
973.62
973.58
973.65
973.61
973.66
973.65
973.60
973.61
973.63
973.69
973.60
973.65
973.67
973.70
973.64
973.69
973.72
973.65
973.66
973.63
973.60
973.60
973.63
973.68
973.64
973.65
973.65
973.63
973.72
973.70
973.66
973.68
973.64
973.68
973.65
973.75
973.66
973.67
973.64
973.72
973.66
973.61
973.65
973.73
973.70
973.55
973.68
973.63
973.68
973.61
973.70
973.71
973.62
973.70
973.73
973.66
973.62
973.72
973.66
973.69
973.70
973.71
973.71
973.75
973.64
973.75
973.73
973.65
973.77
973.72
973.72
973.72
973.71
973.66
973.75
973.71
973.59
973.75
973.74
973.67
973.68
973.71
973.64
973.62
973.71
973.70
973.72
973.70
973.70
973.65
973.69
973.63
973.73
973.67
973.64
973.66
973.53
973.53
973.63
973.55
973.58
973.54
973.62
973.67
973.61
973.66
973.52
973.55
973.52
973.65
973.61
973.58
973.58
973.55
973.54
973.52
973.54
973.57
973.47
973.60
973.51
973.61
973.55
973.43
973.48
973.53
973.55
973.49
973.44
973.53
973.48
973.52
973.58
973.47
973.52
973.57
973.51
973.49
973.51
973.49
973.52
973.46
973.54
973.54
973.55
973.47
973.57
973.54
973.54
973.53
973.41
973.63
973.44
973.61
973.53
973.42
973.46
973.53
973.42
973.48
973.51
973.47
973.39
973.52
973.54
973.54
973.51
973.52
973.54
973.57
973.56
973.58
973.59
973.55
973.49
973.52
973.58
973.58
973.51
973.49
973.60
973.51
973.52
973.53
973.57
973.59
973.54
973.48
973.42
973.53
973.47
973.55
973.47
973.53
973.54
973.52
973.47
973.47
973.48
973.46
973.48
973.53
973.52
973.46
973.38
973.53
973.58
973.51
973.53
973.52
973.54
973.56
973.41
973.43
973.46
973.49
973.46
973.44
973.54
973.60
973.50
973.39
973.55
973.44
973.46
973.57
973.46
973.54
973.43
973.38
973.44
973.50
973.50
973.44
973.39
973.39
973.47
973.42
973.43
973.47
973.44
973.47
973.45
973.47
973.57
973.48
973.44
973.48
973.41
973.53
973.37
973.45
973.45
973.41
973.49
973.38
973.42
973.40
973.41
973.35
973.36
973.46
973.39
973.34
973.29
973.42
973.44
973.36
973.43
973.39
973.33
973.40
973.46
973.38
973.31
973.42
973.43
973.46
973.44
973.39
973.49
973.37
973.47
973.34
973.33
973.40
973.30
973.40
973.45
973.43
973.43
973.36
973.44
973.37
973.34
973.41
973.34
973.46
973.37
973.43
973.40
973.40
973.33
973.32
973.36
973.42
973.45
973.47
973.40
973.44
973.37
973.34
973.43
973.34
973.32
973.30
973.32
973.31
973.36
973.29
973.36
973.36
973.37
973.39
973.44
973.40
973.42
973.44
973.51
973.34
973.38
973.43
973.44
973.42
973.43
973.35
973.40
973.47
973.41
973.44
973.43
973.51
973.56
973.50
973.41
973.42
973.49
973.45
973.46
973.50
973.50
973.58
973.53
973.53
973.65
973.51
973.48
973.57
973.51
973.50
973.47
973.41
973.52
973.51
973.51
973.55
973.60
973.58
973.53
973.50
973.52
973.56
973.46
973.55
973.48
972.92
973.35
973.48
973.58
973.46
973.59
973.42
973.41
973.47
973.53
973.53
973.51
973.53
973.57
973.53
973.51
973.51
973.42
973.40
973.47
972.99
973.32
973.45
973.46
973.43
973.50
973.46
973.52
973.52
973.44
973.46
973.48
973.36
973.54
973.43
973.38
973.37
973.41
973.47
973.44
973.46
973.51
973.48
973.42
973.44
973.41
973.40
973.38
973.42
973.42
973.51
973.37
973.46
973.38
973.42
973.47
973.45
973.43
973.41
973.48
973.50
973.52
973.42
973.51
973.51
973.40
973.45
973.51
973.49
973.39
973.54
973.48
973.52
973.42
973.48
973.44
973.42
973.48
973.51
973.43
973.48
973.51
973.47
973.52
973.45
973.47
973.66
973.44
973.50
973.44
973.46
973.40
973.40
973.35
973.45
973.44
973.44
973.44
973.36
973.36
973.46
973.46
973.48
973.44
973.38
973.39
973.40
973.38
973.38
973.49
973.53
973.41
973.45
973.47
973.41
973.34
973.35
973.47
973.44
973.36
973.42
973.38
973.33
973.38
973.45
973.42
973.42
973.39
973.39
973.47
973.41
973.46
973.37
973.46
973.50
973.46
973.49
973.49
973.51
973.38
973.41
973.49
973.45
973.54
973.37
973.57
973.45
973.47
973.32
973.35
973.30
973.45
973.46
973.45
973.51
973.56
973.54
973.57
973.56
973.55
973.60
973.55
973.57
973.70
973.61
973.72
973.61
973.69
973.64
973.70
973.65
973.77
973.65
973.76
973.72
973.81
973.74
973.78
973.79
973.72
973.83
973.76
973.83
973.78
973.80
973.79
973.82
973.78
973.80
973.80
973.80
973.82
973.85
973.85
973.83
973.88
973.83
973.82
973.83
973.85
973.90
973.80
973.84
973.89
973.86
973.87
973.84
973.82
973.90
973.88
973.82
973.85
973.87
973.85
973.90
973.88
973.87
973.88
973.92
973.93
973.94
973.89
973.89
973.90
973.89
973.84
973.85
973.94
973.82
973.91
973.87
973.85
973.88
973.86
973.82
973.93
973.90
973.81
973.83
973.89
973.82
973.81
973.90
973.86
973.86
973.82
973.85
973.85
973.90
973.86
973.91
973.90
973.91
973.83
973.83
973.91
973.86
973.87
973.87
973.84
973.92
973.86
973.81
973.90
973.93
973.88
973.85
973.87
973.88
973.92
973.91
973.85
973.85
973.86
973.89
973.83
973.88
973.87
973.92
973.95
973.86
973.87
973.82
973.88
973.83
973.84
973.83
973.86
973.88
973.88
973.86
973.89
973.93
973.83
973.76
973.84
973.91
973.88
973.86
973.88
973.90
973.93
973.86
973.91
973.92
973.82
973.80
973.87
973.87
973.88
973.94
973.91
973.90
973.92
973.89
973.89
973.96
973.93
973.90
973.88
973.85
973.95
973.96
973.91
973.89
973.93
973.85
973.89
973.91
973.91
973.88
973.90
973.87
973.89
973.93
973.90
973.92
973.79
973.90
973.95
973.88
973.87
973.86
973.89
973.86
973.86
973.90
973.85
973.87
973.89
973.89
973.84
973.79
973.82
973.83
973.85
973.76
973.78
973.82
973.84
