31.90
31.78
32.21
31.86
32.77
31.15
30.87
30.60
30.40
30.48
30.44
30.71
30.75
30.87
30.75
30.91
30.71
30.91
30.71
31.39
31.62
31.78
31.78
31.98
32.06
32.06
31.78
32.21
32.29
31.94
31.74
31.43
31.27
31.23
31.15
31.15
31.15
31.31
30.99
31.35
31.39
31.54
31.74
31.94
32.18
32.18
32.10
31.86
31.78
31.94
31.62
30.87
31.78
31.46
31.58
31.90
32.14
32.41
32.45
32.41
31.15
32.25
32.06
31.74
31.82
31.50
31.62
32.14
31.70
31.94
32.18
31.86
32.37
32.10
32.02
32.06
32.10
31.98
32.06
32.10
32.29
31.74
31.50
31.74
31.50
31.58
31.46
31.70
32.41
32.06
31.27
31.74
30.68
31.74
31.82
31.82
31.94
32.41
31.62
31.66
31.94
32.14
32.02
32.21
32.49
32.41
33.20
32.41
32.41
31.66
32.69
32.57
32.49
32.33
32.25
32.33
32.21
32.33
32.18
32.02
31.86
31.90
31.58
31.70
31.74
32.02
32.21
32.21
31.98
32.10
30.91
32.33
32.21
32.21
32.21
32.65
32.14
31.94
31.78
31.82
31.66
31.03
32.14
32.18
32.29
32.25
32.14
32.25
32.06
32.10
31.94
31.90
31.78
31.62
30.48
31.58
31.74
31.74
31.78
32.49
31.86
32.14
32.14
31.98
32.10
32.69
32.65
32.18
32.06
32.06
32.06
31.46
31.62
31.98
32.14
32.10
32.25
32.21
32.53
31.23
32.29
32.33
32.29
32.21
31.27
32.53
32.18
32.18
32.33
32.45
32.45
32.57
32.57
32.37
33.04
32.33
33.00
32.33
32.57
32.61
32.77
32.69
32.69
32.57
32.33
32.14
32.02
31.50
32.96
31.94
32.06
32.06
32.02
31.94
32.57
31.90
32.14
33.52
32.10
31.90
31.98
32.14
32.37
32.33
32.29
32.37
32.57
32.57
32.61
32.45
32.29
31.66
31.78
31.86
31.58
31.66
31.66
31.70
31.82
31.54
31.66
31.54
31.82
31.86
31.66
32.02
32.96
32.53
31.66
32.73
32.85
33.52
33.04
32.89
32.77
32.77
33.08
32.29
32.10
32.18
32.10
32.06
32.10
32.06
32.25
32.57
31.98
32.02
32.14
32.14
32.37
32.06
32.21
31.58
31.78
32.53
32.06
32.18
32.33
31.98
32.21
32.21
32.14
32.10
32.10
32.14
31.94
31.86
31.66
31.78
31.82
31.70
31.70
32.53
31.43
31.62
31.43
31.54
31.54
31.74
31.62
31.82
31.54
31.74
31.74
31.74
31.50
31.62
31.31
31.35
31.19
31.23
31.23
31.94
31.35
31.27
31.19
31.23
31.27
31.31
30.91
31.39
31.19
31.35
31.23
31.50
31.35
31.39
30.71
31.31
30.99
31.11
30.44
31.15
31.15
31.15
31.07
30.95
30.99
30.99
30.99
30.79
30.99
30.87
31.31
30.91
30.87
30.87
30.83
30.68
30.64
30.71
30.60
30.79
30.79
30.71
30.64
30.64
30.56
30.60
30.48
31.39
30.60
30.60
30.12
30.40
30.48
30.71
30.36
30.52
30.32
30.48
30.32
30.20
30.04
30.28
30.20
30.28
30.24
29.45
30.24
30.28
30.16
30.28
30.24
30.60
30.40
30.32
30.28
30.16
30.28
30.28
30.20
29.61
30.08
30.08
30.00
30.24
29.92
29.89
30.04
29.85
29.96
29.85
29.96
29.85
29.77
29.92
29.89
29.81
29.81
29.73
29.73
29.61
29.61
29.49
29.49
29.57
29.53
29.96
29.41
29.85
29.61
29.69
29.69
29.57
29.61
29.37
29.49
29.45
29.37
29.53
29.49
28.62
29.37
29.57
29.53
29.92
29.17
29.33
29.37
29.25
29.37
29.29
29.45
29.06
29.57
29.37
29.10
29.25
29.10
29.37
29.77
29.29
29.33
29.29
29.41
29.45
28.07
29.41
29.14
29.10
29.10
29.37
29.37
29.45
29.96
29.49
29.57
30.28
29.49
29.29
28.98
29.02
29.06
29.65
28.94
29.06
29.02
29.14
29.06
29.06
29.21
29.06
29.10
29.06
29.10
29.33
28.98
28.82
28.90
28.70
28.70
28.86
28.86
28.82
28.86
28.86
28.03
28.90
28.94
29.17
28.86
29.06
29.14
28.70
28.82
28.58
28.50
28.62
28.66
28.58
28.54
28.66
28.58
28.66
28.50
28.39
28.27
28.62
28.19
28.11
28.23
28.15
28.42
28.39
28.42
27.36
28.27
28.35
28.15
28.03
28.90
28.42
28.39
28.54
28.62
28.54
28.54
28.50
28.58
28.35
28.46
27.44
28.27
27.64
27.99
28.11
28.11
28.03
28.23
28.86
27.40
28.54
28.70
28.78
28.74
28.66
28.62
28.46
28.46
28.50
28.70
28.62
28.62
28.78
29.14
28.39
28.42
28.78
28.03
27.75
27.83
27.83
27.79
27.95
28.23
28.23
28.39
28.54
28.62
28.46
28.70
28.39
28.62
28.54
28.62
28.74
28.74
28.86
28.74
28.82
28.70
28.19
28.90
28.78
28.74
27.60
28.74
28.58
29.45
28.78
28.98
29.02
29.10
29.14
29.57
29.06
28.82
28.94
29.02
29.14
29.14
28.15
29.14
29.06
28.82
28.78
28.78
29.45
28.98
29.17
29.21
29.21
29.33
29.29
29.45
29.37
29.06
29.45
29.53
29.81
30.00
29.89
29.69
29.77
29.65
29.89
30.00
29.89
30.00
30.36
30.52
31.15
30.56
30.95
30.56
30.60
30.68
30.75
30.91
30.08
30.91
30.91
31.27
31.35
31.19
31.11
31.31
31.46
31.23
31.58
31.54
31.58
31.03
31.78
31.90
32.18
32.57
32.65
32.49
32.14
32.10
32.10
32.29
32.89
32.21
32.25
32.18
32.18
32.06
31.39
30.24
29.10
28.03
27.40
27.16
27.12
26.77
26.65
26.17
25.82
25.70
25.70
25.58
25.58
25.58
25.62
25.58
25.82
25.94
26.06
26.10
26.14
26.10
26.37
26.77
27.40
27.75
28.11
28.15
28.19
28.31
28.03
28.03
28.07
27.91
27.79
27.60
27.28
27.28
27.36
27.40
27.52
27.60
27.87
27.32
27.20
27.20
27.40
27.32
27.56
26.69
27.44
27.44
27.28
27.28
27.04
27.12
26.21
27.60
27.00
27.00
26.96
26.33
26.96
26.85
27.00
26.92
27.44
27.24
27.48
27.40
27.71
27.48
27.52
27.44
27.48
27.75
27.99
28.19
28.35
28.27
28.50
28.39
28.46
28.78
28.11
28.03
27.64
27.91
27.87
27.83
27.95
28.19
28.23
28.11
28.31
28.39
28.07
28.11
27.95
27.99
28.19
28.27
28.70
28.66
28.66
28.74
28.86
29.02
29.37
29.33
29.53
29.49
29.65
29.81
29.73
30.00
29.81
30.00
29.73
29.49
29.14
28.90
29.02
28.86
28.90
28.70
28.78
28.42
28.54
28.54
28.46
28.23
28.27
28.19
27.71
28.11
27.99
28.35
28.35
27.48
28.54
29.02
28.70
28.90
28.94
28.98
29.17
29.29
29.53
29.65
28.90
29.77
30.08
30.08
30.28
30.32
30.40
30.28
30.24
30.04
30.16
30.24
30.08
30.40
30.79
31.35
31.62
32.10
32.21
31.39
31.98
31.62
31.70
31.86
31.94
31.35
30.99
30.64
30.36
30.24
30.24
30.36
30.71
30.79
30.87
30.91
31.07
31.07
31.19
30.99
30.79
30.68
30.68
30.60
30.52
30.32
30.28
30.28
30.16
29.92
29.89
29.65
29.57
29.41
29.25
29.89
29.29
29.85
29.37
29.37
29.53
29.77
29.77
30.16
29.45
30.04
30.12
30.12
28.94
29.73
30.08
30.00
30.68
30.08
30.00
29.92
29.89
29.85
29.81
30.79
30.20
30.40
30.48
30.16
30.56
30.56
30.60
30.71
30.64
30.95
30.60
29.37
31.62
30.44
30.20
30.16
30.04
30.56
29.61
29.57
29.41
29.45
29.49
29.61
29.49
29.69
29.65
29.77
29.92
29.96
30.04
30.08
30.24
30.16
30.08
30.04
30.08
30.16
30.04
30.16
30.91
30.48
30.28
30.40
30.40
30.40
30.48
30.52
30.60
30.60
30.40
31.78
31.07
30.28
30.20
29.96
29.81
29.61
29.69
29.49
29.29
29.14
29.29
29.25
28.62
29.14
29.41
29.41
29.37
29.45
28.66
29.61
29.81
29.49
28.35
29.57
29.33
29.17
29.25
29.33
29.33
29.10
29.02
29.21
29.45
29.69
30.04
30.16
30.00
29.17
30.68
31.27
32.14
32.93
33.68
34.39
35.10
35.33
35.77
35.02
34.82
33.71
33.44
33.28
32.89
32.73
32.53
32.10
32.14
32.14
32.45
32.53
32.14
32.33
30.95
30.44
30.32
30.16
30.36
30.24
30.83
30.75
30.68
30.91
31.35
31.82
31.58
32.41
32.73
33.36
33.28
33.32
33.52
33.52
33.52
33.75
33.20
33.08
32.49
32.81
32.69
32.73
32.49
32.61
32.53
32.49
32.49
31.19
32.02
31.70
31.86
32.06
32.10
31.74
31.58
31.23
31.11
30.95
31.03
30.91
30.99
30.99
30.87
30.83
31.54
31.58
33.00
33.71
34.94
35.45
36.16
36.44
36.60
36.36
36.00
35.53
35.06
34.86
34.50
34.90
34.15
33.87
33.87
33.48
33.00
33.68
32.81
32.77
32.45
32.21
32.29
31.98
31.74
31.58
31.43
31.27
31.27
31.19
31.07
30.91
30.68
30.44
30.24
30.20
30.08
29.25
30.40
30.20
30.36
30.40
30.75
30.56
30.71
30.79
30.71
30.71
30.79
30.91
30.28
30.75
30.75
30.56
30.60
30.60
30.44
30.00
29.92
29.73
29.61
29.33
29.29
29.49
29.53
29.02
29.21
29.25
29.53
29.53
29.77
30.60
30.24
30.28
30.12
29.89
29.73
29.57
29.53
29.29
29.37
29.49
29.41
29.25
29.17
29.06
28.98
29.25
29.14
29.14
29.25
29.37
29.25
29.06
29.53
29.53
29.10
29.14
29.33
29.29
29.49
29.57
29.49
29.53
29.61
29.61
29.77
29.89
29.85
30.20
29.73
29.77
29.89
29.61
29.81
29.73
29.65
29.65
29.65
29.57
29.65
29.57
29.53
29.49
29.53
29.81
29.49
29.57
29.61
29.61
29.53
30.12
29.49
29.02
29.49
29.53
29.53
28.90
29.53
29.49
30.04
29.49
29.57
29.61
29.41
29.57
29.49
29.45
29.61
29.49
29.65
29.69
29.69
29.89
29.85
29.96
29.85
29.96
29.96
30.44
30.00
29.85
29.77
29.92
30.00
30.08
30.16
30.08
30.08
30.16
31.11
30.04
30.08
30.04
30.04
29.96
30.08
29.77
30.00
30.04
28.94
29.89
29.85
30.00
29.69
29.73
29.49
29.73
29.65
29.69
29.21
29.81
29.61
29.73
29.73
29.69
29.61
29.49
29.73
29.57
29.61
29.45
29.69
29.45
28.82
29.49
29.65
29.49
29.61
29.53
29.53
29.57
29.57
29.57
29.65
29.61
30.12
29.49
30.24
29.57
30.28
29.45
29.57
29.61
29.57
29.49
29.57
29.57
28.58
30.00
29.45
29.14
29.25
29.53
29.37
28.54
29.21
29.53
28.78
29.17
29.25
29.41
29.33
29.17
29.21
29.21
29.37
29.29
29.45
29.41
29.41
28.35
29.57
29.65
29.61
29.73
29.81
29.85
29.89
29.77
29.89
29.85
28.78
29.89
30.04
29.92
29.89
28.98
30.00
30.00
29.89
30.08
29.89
29.85
30.00
29.85
29.96
29.81
29.89
29.85
30.24
29.61
29.85
29.89
30.08
30.28
31.23
30.56
30.56
30.79
31.39
30.68
30.71
31.15
31.35
30.68
30.68
31.54
30.52
30.79
30.71
30.71
30.40
30.60
30.71
30.60
30.71
30.52
30.36
30.32
30.40
29.61
30.36
30.75
30.75
30.95
31.03
30.95
31.23
31.27
31.70
31.39
31.31
31.31
31.31
31.11
31.07
30.87
30.71
31.27
30.56
30.40
30.44
30.56
30.44
30.48
30.56
30.79
30.75
30.71
30.60
30.75
30.83
30.75
30.71
30.83
30.91
31.07
31.03
29.77
29.96
31.19
31.11
31.11
31.07
31.19
31.19
31.03
30.32
30.95
30.32
31.11
30.91
31.39
31.03
30.99
31.07
31.03
30.99
31.11
31.50
30.83
30.75
31.19
30.64
30.56
30.56
30.56
30.52
30.44
30.68
30.52
30.56
30.68
30.56
29.57
30.52
30.48
30.44
30.68
30.64
30.64
30.44
30.60
30.60
30.56
30.75
30.56
30.71
30.60
30.64
30.79
30.60
30.56
30.75
30.75
30.68
30.68
30.64
30.68
30.75
30.75
30.71
30.68
30.83
30.68
30.99
30.99
30.87
31.19
31.19
31.35
31.39
31.39
31.07
31.46
31.58
31.70
31.62
31.62
31.70
31.66
31.70
31.74
31.62
31.35
31.62
31.78
32.37
31.62
31.62
32.57
31.62
31.86
31.78
31.86
31.86
31.86
31.86
32.57
31.78
31.86
31.66
31.66
31.62
31.74
31.66
31.86
31.66
31.78
31.82
31.82
32.10
31.62
31.74
31.46
31.90
31.82
31.90
32.49
31.82
32.53
31.39
31.78
31.94
32.57
31.86
31.86
31.82
31.70
31.74
31.90
31.90
31.82
31.78
31.78
31.86
31.94
31.90
31.90
31.90
31.82
31.98
31.94
31.94
31.94
31.94
31.82
31.46
31.90
31.98
31.94
32.61
32.10
32.41
31.86
32.10
31.74
32.29
32.10
32.29
32.29
32.33
31.27
32.41
32.33
32.33
31.35
32.29
32.41
32.29
32.21
32.18
32.25
32.37
32.37
32.29
32.37
32.33
32.33
32.25
32.14
32.10
32.33
32.18
32.18
32.18
32.06
32.10
32.10
31.98
31.82
32.06
32.06
31.82
31.98
31.82
31.98
31.86
31.90
31.90
31.86
31.94
31.70
32.61
31.78
32.29
31.86
31.94
31.70
32.14
31.94
31.86
32.02
32.02
32.18
32.21
32.25
32.89
32.49
32.45
32.65
32.49
32.57
32.57
32.61
32.61
33.40
32.53
32.45
32.29
32.29
32.25
32.10
32.10
31.94
31.94
31.98
32.02
31.98
32.33
33.32
32.29
32.37
32.41
32.57
32.61
32.69
32.57
32.73
32.61
32.61
32.73
32.69
32.61
32.29
32.61
32.53
32.49
32.57
32.49
32.45
32.53
32.57
32.57
31.82
32.57
32.61
32.61
32.69
32.73
32.81
32.77
32.65
32.65
32.61
32.61
32.57
32.57
32.61
32.81
32.53
32.69
32.69
32.65
32.69
32.65
33.32
32.65
32.49
32.73
32.73
32.57
32.57
32.65
32.45
32.33
32.45
32.61
32.57
32.61
32.61
32.53
32.41
32.73
32.69
32.77
33.20
31.50
33.36
32.77
32.93
32.96
32.96
32.73
33.04
33.04
33.00
33.00
33.12
33.08
33.95
32.89
33.00
32.96
33.00
32.96
32.93
32.21
33.08
33.04
33.08
32.77
33.04
32.96
32.93
32.02
33.08
33.08
33.12
33.12
33.12
33.44
33.79
33.36
33.32
33.36
33.20
33.44
33.24
33.24
33.68
33.12
33.08
32.93
32.93
32.85
32.96
32.77
32.69
32.85
32.85
32.93
32.77
32.85
32.81
32.69
32.49
32.77
33.12
32.77
32.73
32.73
32.89
31.90
32.65
32.65
32.61
32.73
33.32
32.57
32.49
32.81
32.73
32.81
31.58
32.73
32.81
32.96
33.48
33.16
33.64
33.95
34.03
34.11
34.47
34.58
34.74
35.10
34.98
34.98
35.10
35.06
33.79
35.02
35.10
34.82
35.02
34.94
34.94
35.10
35.06
35.02
35.18
35.85
35.41
35.93
35.49
35.33
35.41
35.49
35.33
35.37
35.77
35.29
35.29
35.45
35.29
35.49
36.28
35.41
35.18
35.93
35.37
35.45
35.45
35.25
36.08
35.29
34.74
35.61
34.82
34.74
34.58
34.70
34.74
34.94
34.82
34.98
34.98
34.86
35.02
35.10
35.10
35.33
35.25
35.37
35.57
35.29
35.10
35.37
35.29
35.37
35.37
34.35
35.41
35.29
34.86
35.45
35.14
35.65
34.62
35.65
35.45
35.65
35.61
35.85
37.74
35.77
36.24
36.32
35.89
35.89
36.24
35.93
35.41
36.32
36.24
36.52
36.64
36.60
36.48
36.48
36.40
36.91
36.56
36.20
36.44
36.56
36.68
36.64
36.68
37.23
36.64
36.60
36.72
36.64
36.87
36.87
36.99
37.03
37.11
37.19
37.19
36.32
37.54
36.56
37.70
37.58
37.35
37.19
37.35
37.35
37.19
37.15
36.28
37.03
36.75
36.91
37.47
36.72
36.72
36.60
36.32
37.15
36.68
36.68
36.72
36.68
36.48
36.64
36.56
37.07
36.60
37.03
36.16
36.44
36.83
36.52
36.64
36.52
36.56
37.31
37.35
36.64
36.00
36.68
36.44
36.68
36.64
36.60
36.60
36.48
36.95
36.87
36.24
37.11
36.20
36.52
36.24
36.16
36.24
36.44
36.32
36.24
36.28
36.32
36.20
36.08
36.79
36.08
36.72
36.00
36.08
36.08
35.89
35.77
35.77
35.97
34.90
35.69
35.77
35.18
35.89
35.93
35.89
36.04
36.52
35.89
35.93
36.00
36.48
35.93
35.93
35.49
35.81
35.85
36.08
36.08
36.04
35.97
36.32
34.94
36.16
36.08
35.97
36.16
36.24
36.00
36.04
36.04
36.12
35.93
36.08
35.69
34.86
35.81
35.77
36.04
36.00
36.28
35.93
36.00
35.97
36.04
35.93
35.97
36.08
36.04
35.85
35.89
35.93
35.89
35.97
36.52
35.85
36.00
35.77
35.33
36.36
36.36
35.89
36.68
35.89
35.97
35.77
35.97
35.97
35.85
36.16
36.12
36.20
36.08
36.12
35.41
36.20
36.08
36.08
35.18
36.20
35.97
36.08
36.12
36.91
36.16
36.83
36.28
36.16
36.44
36.40
36.36
36.48
36.52
36.68
35.45
36.72
36.64
36.75
36.68
36.91
36.16
36.75
36.79
36.72
36.75
36.72
36.79
35.41
35.61
36.83
36.72
36.79
37.03
36.72
36.75
36.91
36.72
37.23
36.83
36.91
36.44
36.72
36.75
36.64
36.68
36.72
36.72
36.56
36.68
36.56
35.89
36.68
36.75
36.60
36.72
36.75
36.56
36.75
36.52
36.68
36.75
37.62
36.79
37.15
36.72
36.72
36.75
36.36
36.75
36.64
36.64
36.75
36.75
36.87
37.23
36.79
36.75
36.83
36.83
36.79
36.75
36.60
37.03
37.03
37.07
37.07
37.23
37.11
36.12
37.15
36.91
36.91
36.91
36.95
36.48
36.68
36.95
37.54
36.95
36.91
37.07
37.11
37.35
37.54
37.58
37.78
37.78
37.98
38.10
37.98
37.94
38.06
38.61
37.98
38.02
37.27
37.98
37.74
37.82
37.74
37.66
36.60
37.62
38.26
37.66
37.11
37.78
38.02
37.66
37.86
38.49
37.78
38.02
37.90
38.41
38.61
37.90
37.98
38.14
37.90
37.98
36.83
37.74
37.27
37.82
37.70
37.62
37.74
37.39
38.18
37.54
37.47
37.58
37.47
37.35
36.44
37.54
37.39
37.54
37.23
37.23
37.19
37.23
37.54
37.27
37.07
37.31
37.11
37.15
37.03
36.95
37.03
37.03
36.99
36.91
37.35
36.79
36.91
36.95
36.83
37.31
36.87
36.87
38.14
36.87
36.87
36.87
36.95
37.03
37.58
36.91
37.23
36.75
36.75
36.60
36.83
37.23
36.91
36.75
36.64
36.60
36.68
37.27
36.60
37.15
36.60
37.23
36.72
36.72
36.75
36.83
37.31
36.91
35.22
36.87
36.52
36.95
36.91
37.03
36.83
36.00
36.91
36.83
37.43
36.95
37.03
36.79
37.03
36.79
36.99
37.15
36.83
35.61
37.62
36.75
37.39
36.75
36.56
38.22
36.24
36.79
35.81
35.69
36.68
36.56
36.56
37.23
36.64
36.36
36.56
36.64
36.52
36.48
36.56
36.40
36.36
36.28
36.44
35.10
36.08
35.97
36.08
36.20
34.90
35.97
36.08
35.97
34.94
34.90
36.08
36.16
36.87
36.36
36.28
35.89
36.48
36.60
36.52
36.44
36.56
36.56
37.27
36.52
36.32
36.60
36.68
36.40
37.23
36.72
36.68
36.56
36.52
37.07
36.99
35.97
35.81
35.77
35.49
35.65
35.85
35.77
36.04
36.08
36.12
34.86
36.24
36.32
36.72
37.31
36.75
37.58
36.91
37.43
36.91
35.97
37.03
37.23
37.11
37.15
37.23
37.39
37.39
37.35
37.47
37.27
37.43
36.68
37.35
37.31
37.98
37.62
37.70
37.66
37.50
37.66
37.66
37.70
37.86
37.86
37.94
37.82
38.10
37.82
38.06
37.15
38.10
38.14
38.14
38.14
38.06
37.82
38.06
37.98
38.18
38.06
38.10
38.18
37.15
38.10
38.37
38.06
38.57
38.02
37.86
38.53
38.06
38.37
38.49
36.79
38.10
38.06
38.29
38.33
39.12
38.61
38.69
38.85
38.73
38.93
39.44
39.08
38.61
39.12
39.32
39.44
38.57
37.62
39.01
38.89
39.64
38.93
39.12
38.65
39.79
39.01
38.81
38.85
38.89
39.01
39.04
38.97
39.08
39.76
39.44
39.64
39.95
39.32
40.31
40.15
40.51
40.54
40.35
40.39
40.47
40.43
40.47
40.31
40.39
40.23
40.54
40.15
40.27
40.70
40.19
40.07
39.95
38.89
39.68
39.76
39.40
39.20
39.52
38.77
38.73
37.90
38.33
38.06
38.29
38.45
38.37
38.37
38.57
38.57
38.49
38.41
38.10
38.18
38.65
38.14
38.22
38.65
38.18
38.49
38.10
38.33
39.04
38.41
37.62
38.37
39.24
38.45
38.41
37.78
38.22
38.22
38.14
38.26
38.10
37.27
37.82
38.10
37.66
37.90
37.66
36.83
37.70
37.86
37.82
37.74
38.49
37.86
37.70
37.90
37.82
37.82
37.78
37.66
37.54
36.95
37.03
36.75
37.47
37.19
37.62
37.66
37.82
37.94
37.90
38.10
38.06
38.10
38.73
38.02
38.26
38.77
37.19
38.49
38.61
37.50
39.40
39.36
39.01
38.89
39.08
39.04
39.28
39.20
39.08
39.08
39.08
39.20
39.01
39.12
39.44
39.01
38.45
38.65
38.57
38.61
38.53
38.61
38.49
38.45
38.41
38.33
38.33
38.22
38.26
38.02
37.82
38.41
38.37
38.37
38.85
38.49
38.37
38.29
38.37
38.10
38.33
38.33
38.37
38.26
38.61
38.22
37.66
38.22
38.06
38.81
37.82
38.45
38.33
38.26
38.14
38.73
38.73
38.18
38.18
38.10
38.61
38.02
37.82
38.02
37.94
37.90
37.74
37.94
37.94
38.18
37.98
37.31
38.22
38.45
37.78
37.66
38.53
37.86
37.90
38.02
38.29
38.33
38.57
38.37
38.61
38.65
39.36
38.73
38.73
38.57
38.89
38.73
39.16
38.69
38.85
38.61
38.69
38.65
38.57
38.57
38.45
38.65
38.57
38.49
38.65
38.41
38.37
38.10
38.37
38.02
38.10
38.45
38.02
38.06
