31.28
31.12
31.01
30.75
30.45
30.33
30.26
30.34
30.34
30.53
30.83
30.96
31.25
31.35
31.43
31.28
31.16
31.22
31.46
31.84
31.92
32.03
32.07
31.70
31.57
31.42
31.28
31.06
30.95
30.86
30.64
30.54
30.58
30.64
30.71
31.06
31.33
31.40
31.32
31.33
31.26
31.29
31.55
31.66
31.77
31.74
31.56
31.38
31.31
31.38
31.22
31.02
31.08
31.43
31.73
31.87
31.87
31.88
31.93
32.09
32.25
32.21
31.96
31.76
31.66
31.80
32.08
32.30
32.49
32.57
32.60
32.64
32.70
32.71
32.70
32.64
32.51
32.35
32.06
31.68
31.32
31.03
30.82
30.68
30.59
30.56
30.55
30.60
30.68
30.91
31.17
31.47
31.84
32.07
32.09
32.12
32.19
32.32
32.44
32.39
32.24
32.13
32.07
31.93
31.77
31.68
31.70
31.68
31.63
31.77
32.06
32.13
32.14
32.09
31.92
31.67
31.48
31.32
31.24
31.35
31.38
31.25
31.16
31.38
31.74
31.96
31.83
31.68
31.60
31.51
31.47
31.33
31.24
31.16
31.14
31.35
31.43
31.32
31.24
31.18
31.17
31.31
31.45
31.53
31.57
31.51
31.64
31.80
31.87
31.77
31.58
31.38
31.36
31.51
31.45
31.57
31.69
31.61
31.57
31.77
32.02
31.99
31.76
31.54
31.50
31.41
31.26
31.18
31.25
31.32
31.25
31.29
31.27
31.32
31.32
31.41
31.59
31.67
31.58
31.43
31.28
31.20
31.28
31.44
31.45
31.48
31.61
31.73
31.75
31.80
31.86
31.83
31.78
31.82
31.91
31.75
31.83
31.98
31.96
31.94
31.86
31.76
31.83
31.91
31.76
31.51
31.30
31.16
31.09
31.17
31.41
31.54
31.66
31.73
31.73
31.63
31.51
31.45
31.48
31.44
31.52
31.73
31.86
31.81
31.68
31.65
31.63
31.65
31.53
31.35
31.19
31.09
31.04
31.05
31.04
31.07
31.29
31.60
31.82
31.76
31.62
31.55
31.66
31.83
32.08
32.12
32.17
32.09
32.04
32.01
31.98
31.97
32.01
32.15
32.28
32.28
32.29
32.18
31.95
31.82
32.04
32.04
31.92
31.83
31.87
31.83
31.88
32.01
32.21
32.41
32.51
32.50
32.36
32.16
31.99
31.87
31.82
31.89
32.02
32.25
32.48
32.60
32.64
32.64
32.52
32.40
32.28
32.09
31.84
31.60
31.45
31.36
31.24
31.14
31.06
31.01
31.06
31.28
31.46
31.59
31.66
31.67
31.67
31.61
31.53
31.45
31.34
31.19
31.06
30.99
31.01
30.93
30.91
31.10
31.25
31.33
31.33
31.34
31.31
31.25
31.23
31.27
31.35
31.32
31.30
31.35
31.28
31.20
31.16
31.14
31.11
31.04
31.00
30.97
30.96
30.93
30.89
30.87
30.87
30.87
30.87
30.94
30.89
30.83
30.79
30.79
30.74
30.72
30.71
30.67
30.65
30.60
30.54
30.61
30.74
30.80
30.74
30.65
30.58
30.55
30.50
30.51
30.46
30.45
30.42
30.31
30.25
30.29
30.29
30.24
30.37
30.48
30.55
30.54
30.55
30.47
30.43
30.36
30.26
30.26
30.29
30.29
30.45
30.37
30.32
30.38
30.49
30.52
30.45
30.34
30.35
30.43
30.38
30.25
30.19
30.25
30.33
30.42
30.32
30.11
30.02
30.01
29.93
29.87
29.86
29.90
29.77
29.87
29.93
29.84
29.68
29.67
29.63
29.51
29.44
29.40
29.39
29.41
29.42
29.41
29.40
29.46
29.52
29.51
29.48
29.45
29.48
29.44
29.32
29.26
29.23
29.23
29.22
29.13
29.11
29.15
29.26
29.32
29.32
29.26
29.17
29.09
29.02
28.96
28.91
28.90
28.91
28.95
29.01
29.10
29.26
29.30
29.28
29.26
29.24
29.26
29.29
29.19
29.06
28.97
28.93
28.93
28.95
28.99
28.97
28.97
28.89
28.80
28.71
28.71
28.75
28.68
28.58
28.57
28.58
28.60
28.61
28.54
28.41
28.48
28.52
28.51
28.51
28.58
28.60
28.56
28.54
28.48
28.37
28.33
28.33
28.33
28.32
28.37
28.44
28.44
28.46
28.48
28.45
28.42
28.37
28.31
28.24
28.23
28.19
28.14
28.11
28.11
28.10
28.07
28.03
27.98
27.96
27.98
27.99
28.00
28.06
28.05
27.91
27.87
27.89
27.90
27.91
27.97
27.99
28.08
28.10
28.10
28.06
28.02
28.01
28.00
28.03
28.07
28.20
28.25
28.07
27.97
27.93
27.91
27.88
27.84
27.81
27.78
27.75
27.74
27.73
27.73
27.74
27.84
27.97
28.09
28.23
28.27
28.23
28.15
28.16
28.23
28.27
28.26
28.17
28.14
28.08
28.05
28.02
27.94
27.78
27.58
27.47
27.33
27.20
27.17
27.20
27.33
27.46
27.52
27.56
27.80
28.03
28.12
28.19
28.34
28.39
28.37
28.33
28.32
28.39
28.53
28.63
28.64
28.58
28.60
28.59
28.61
28.66
28.63
28.51
28.42
28.37
28.34
28.38
28.58
28.74
28.87
28.93
28.92
28.79
28.71
28.46
28.61
29.06
29.00
28.81
28.86
28.83
28.55
28.45
28.49
28.48
28.50
28.96
29.22
28.87
28.99
29.16
29.12
29.28
29.19
29.13
29.32
29.35
29.77
30.06
30.08
30.03
29.85
29.87
29.87
30.09
30.01
30.34
30.64
30.77
30.83
30.77
30.77
30.76
30.67
30.93
31.06
31.18
31.16
31.24
31.42
31.73
31.71
31.68
31.47
31.63
31.86
31.99
32.04
32.14
32.26
32.51
32.64
32.64
32.62
32.79
32.54
32.36
32.33
32.69
32.88
32.91
33.00
32.94
32.88
32.70
32.80
32.46
30.64
28.58
27.03
26.01
25.88
26.08
26.46
26.36
25.56
24.97
24.88
24.98
25.13
25.11
25.02
25.25
25.53
25.69
25.72
25.87
26.01
26.05
26.04
25.99
26.65
27.67
28.55
28.88
28.95
28.95
28.81
28.68
28.52
28.29
28.14
28.06
27.84
27.58
27.37
27.26
27.46
27.71
27.86
27.89
27.75
27.54
27.39
27.39
27.42
27.37
27.29
27.16
27.05
27.04
26.97
26.81
26.67
26.55
26.48
26.45
26.46
26.50
26.53
26.50
26.52
26.61
26.74
26.94
27.03
27.05
27.10
27.14
27.36
27.71
27.82
28.03
28.29
28.27
28.29
28.48
28.57
28.55
28.43
28.27
28.05
27.82
27.62
27.46
27.35
27.35
27.62
27.94
28.16
28.32
28.36
28.27
28.11
27.95
27.84
27.76
27.68
27.65
27.75
27.94
28.17
28.43
28.70
28.92
29.13
29.35
29.54
29.68
29.75
29.81
29.84
29.82
29.77
29.69
29.58
29.31
28.78
28.26
27.90
27.68
27.58
27.59
27.63
27.64
27.59
27.54
27.48
27.45
27.48
27.56
27.71
27.87
28.02
28.13
28.21
28.22
28.14
28.07
28.04
28.12
28.20
28.29
28.42
28.60
28.82
29.06
29.37
29.68
29.96
30.19
30.32
30.32
30.24
30.14
30.05
29.86
29.58
29.42
29.42
29.16
28.81
29.32
30.25
30.91
31.41
32.00
32.44
32.44
32.07
31.65
31.45
31.53
31.18
30.33
29.77
29.36
29.22
29.36
29.64
29.98
30.48
30.99
31.30
31.47
31.55
31.57
31.45
31.23
31.01
30.76
30.42
30.06
29.74
29.59
29.56
29.55
29.40
29.10
28.68
28.52
28.68
28.66
28.52
28.55
28.71
28.90
29.09
29.20
29.26
29.32
29.24
29.05
28.99
28.97
28.94
28.97
29.25
29.55
29.70
29.73
29.71
29.67
29.66
29.64
29.64
29.61
29.61
29.64
29.69
29.80
29.93
30.07
30.23
30.42
30.54
30.54
30.45
30.35
30.32
30.31
30.25
30.09
29.74
29.39
29.10
28.89
28.74
28.67
28.65
28.65
28.70
28.81
28.93
29.05
29.17
29.29
29.35
29.52
29.68
29.67
29.59
29.53
29.49
29.53
29.62
29.75
29.87
29.94
30.00
30.09
30.21
30.34
30.45
30.53
30.58
30.58
30.57
30.54
30.54
30.54
30.44
30.25
30.00
29.74
29.51
29.27
28.98
28.75
28.67
28.70
28.83
28.87
28.93
28.97
28.99
29.03
29.11
29.20
29.32
29.48
29.59
29.58
29.37
29.15
29.06
29.14
29.04
29.14
29.12
28.78
28.58
28.84
29.19
30.42
31.07
30.83
30.58
31.03
31.25
32.73
33.92
34.94
36.07
37.24
37.59
37.24
36.08
34.77
33.65
32.72
32.92
32.91
32.99
32.89
32.64
32.35
32.17
32.32
32.51
32.49
31.28
30.37
29.64
29.48
29.51
30.19
30.53
30.98
31.20
31.00
30.91
30.92
31.18
31.64
32.01
33.01
33.92
34.41
33.99
33.49
33.57
33.86
33.86
33.66
33.54
33.37
33.18
33.04
32.97
32.88
32.69
32.46
32.32
32.21
32.09
31.95
31.71
31.49
31.37
31.28
31.25
31.32
31.25
31.00
30.81
30.71
30.52
30.51
30.55
30.59
30.56
30.55
31.14
32.06
33.45
34.65
35.88
36.79
37.37
37.60
37.63
37.18
36.26
35.38
34.83
34.56
34.39
34.24
34.02
33.80
33.60
33.34
33.02
32.76
32.60
32.42
32.21
31.96
31.70
31.47
31.29
31.15
31.03
31.01
31.03
31.08
30.83
30.49
30.11
29.79
29.58
29.61
29.71
29.84
29.98
30.06
30.14
30.27
30.38
30.48
30.54
30.59
30.62
30.67
30.70
30.73
30.72
30.64
30.52
30.39
30.32
30.19
29.89
29.59
29.35
29.10
28.87
28.68
28.57
28.54
28.55
28.62
28.79
29.00
29.23
29.51
29.83
30.15
30.48
30.39
29.90
29.47
29.17
28.95
28.80
28.73
28.78
28.88
28.87
28.69
28.52
28.44
28.46
28.55
28.70
28.89
29.22
29.08
28.78
28.59
28.53
28.55
28.55
28.63
28.79
29.00
29.19
29.31
29.37
29.42
29.48
29.55
29.64
29.71
29.71
29.63
29.55
29.48
29.43
29.39
29.36
29.35
29.34
29.34
29.35
29.34
29.34
29.32
29.31
29.29
29.29
29.28
29.29
29.29
29.32
29.33
29.34
29.35
29.33
29.32
29.29
29.29
29.29
29.29
29.29
29.28
29.26
29.25
29.26
29.29
29.37
29.44
29.51
29.57
29.60
29.62
29.66
29.69
29.72
29.75
29.77
29.80
29.80
29.81
29.77
29.76
29.76
29.77
29.80
29.84
29.87
29.90
29.92
29.96
29.95
29.92
29.90
29.90
29.88
29.84
29.79
29.74
29.70
29.64
29.61
29.58
29.59
29.61
29.63
29.64
29.63
29.60
29.57
29.55
29.51
29.51
29.48
29.48
29.48
29.49
29.49
29.48
29.44
29.40
29.35
29.32
29.29
29.28
29.29
29.30
29.32
29.35
29.36
29.37
29.37
29.39
29.39
29.39
29.39
29.41
29.42
29.43
29.44
29.44
29.44
29.43
29.43
29.42
29.40
29.38
29.35
29.33
29.32
29.29
29.26
29.23
29.21
29.18
29.16
29.15
29.13
29.13
29.12
29.11
29.12
29.11
29.12
29.13
29.13
29.13
29.15
29.16
29.18
29.22
29.29
29.39
29.48
29.58
29.65
29.71
29.75
29.79
29.82
29.84
29.86
29.85
29.86
29.84
29.84
29.85
29.87
29.89
29.90
29.91
29.91
29.91
29.90
29.87
29.84
29.78
29.74
29.71
29.69
29.68
29.68
29.69
29.75
29.91
30.15
30.39
30.61
30.80
30.88
30.87
30.81
30.74
30.67
30.65
30.67
30.72
30.77
30.81
30.87
30.92
30.98
31.00
30.98
30.90
30.79
30.65
30.52
30.41
30.34
30.30
30.34
30.42
30.54
30.67
30.83
30.99
31.13
31.28
31.38
31.46
31.51
31.53
31.51
31.48
31.39
31.26
31.10
30.91
30.73
30.55
30.42
30.32
30.29
30.29
30.35
30.45
30.56
30.67
30.74
30.79
30.80
30.80
30.80
30.83
30.91
31.02
31.12
31.21
31.26
31.31
31.33
31.34
31.34
31.31
31.28
31.25
31.21
31.17
31.12
31.08
31.04
31.02
31.01
31.02
31.04
31.06
31.11
31.15
31.14
31.09
30.99
30.88
30.76
30.67
30.58
30.54
30.50
30.49
30.49
30.49
30.51
30.54
30.56
30.58
30.60
30.61
30.64
30.65
30.66
30.67
30.68
30.68
30.68
30.68
30.69
30.68
30.68
30.67
30.66
30.66
30.66
30.67
30.67
30.69
30.71
30.72
30.74
30.75
30.77
30.78
30.80
30.83
30.85
30.87
30.90
30.93
30.96
31.01
31.09
31.19
31.29
31.40
31.49
31.57
31.62
31.67
31.72
31.77
31.81
31.84
31.86
31.86
31.84
31.79
31.73
31.68
31.66
31.67
31.70
31.77
31.85
31.94
32.01
32.05
32.05
32.03
31.99
31.96
31.92
31.86
31.83
31.78
31.74
31.71
31.69
31.68
31.67
31.71
31.78
31.87
31.97
32.06
32.11
32.15
32.17
32.15
32.13
32.09
32.04
31.98
31.93
31.89
31.86
31.85
31.85
31.85
31.86
31.88
31.88
31.88
31.88
31.87
31.89
31.90
31.93
31.94
31.96
31.98
31.99
31.99
31.99
31.98
31.98
31.97
31.95
31.92
31.89
31.89
31.91
31.95
31.98
32.00
32.02
32.03
32.04
32.06
32.09
32.15
32.22
32.29
32.37
32.45
32.52
32.57
32.59
32.57
32.54
32.48
32.43
32.41
32.39
32.40
32.41
32.43
32.44
32.46
32.45
32.44
32.44
32.41
32.38
32.35
32.31
32.27
32.22
32.18
32.14
32.10
32.06
32.02
31.99
31.96
31.94
31.93
31.91
31.89
31.87
31.86
31.84
31.85
31.86
31.88
31.90
31.94
31.98
32.02
32.04
32.06
32.07
32.07
32.06
32.06
32.06
32.06
32.09
32.15
32.24
32.35
32.45
32.54
32.61
32.66
32.70
32.73
32.74
32.73
32.73
32.73
32.69
32.60
32.48
32.34
32.21
32.09
31.98
31.90
31.83
31.83
31.90
32.02
32.14
32.27
32.37
32.45
32.51
32.57
32.61
32.65
32.67
32.68
32.68
32.67
32.64
32.61
32.57
32.54
32.53
32.54
32.55
32.57
32.60
32.63
32.67
32.69
32.70
32.72
32.73
32.73
32.74
32.74
32.74
32.75
32.74
32.72
32.70
32.67
32.65
32.67
32.68
32.70
32.72
32.73
32.74
32.73
32.70
32.67
32.63
32.62
32.62
32.64
32.67
32.68
32.68
32.66
32.61
32.55
32.51
32.48
32.48
32.51
32.54
32.59
32.63
32.67
32.70
32.72
32.76
32.80
32.85
32.89
32.93
32.96
33.02
33.07
33.12
33.15
33.17
33.16
33.13
33.09
33.04
32.99
32.98
33.00
33.06
33.14
33.21
33.24
33.25
33.25
33.22
33.20
33.17
33.13
33.10
33.09
33.10
33.13
33.20
33.28
33.39
33.49
33.57
33.60
33.62
33.61
33.58
33.53
33.47
33.38
33.31
33.22
33.13
33.05
32.98
32.93
32.86
32.83
32.80
32.79
32.80
32.84
32.86
32.86
32.86
32.83
32.80
32.77
32.75
32.74
32.74
32.74
32.74
32.73
32.72
32.69
32.67
32.65
32.64
32.65
32.67
32.70
32.75
32.80
32.86
32.90
32.95
32.99
33.02
33.07
33.11
33.12
33.76
34.37
34.62
34.65
34.78
35.05
35.25
35.44
35.57
35.57
35.61
35.56
35.47
35.35
35.23
35.25
35.25
35.26
35.27
35.30
35.43
35.55
35.62
35.66
35.73
35.77
35.78
35.76
35.79
35.82
35.79
35.73
35.70
35.69
35.66
35.65
35.65
35.65
35.66
35.66
35.69
35.74
35.76
35.76
35.76
35.76
35.73
35.64
35.47
35.27
35.01
34.84
34.73
34.67
34.71
34.84
34.99
35.13
35.26
35.38
35.46
35.53
35.62
35.68
35.72
35.74
35.75
35.73
35.69
35.66
35.66
35.64
35.64
35.64
35.64
35.64
35.67
35.76
35.84
35.92
35.98
35.98
35.97
35.96
35.98
36.05
36.11
36.16
36.21
36.25
36.27
36.27
36.20
36.38
36.60
36.72
36.79
36.69
36.55
36.63
36.71
36.77
36.82
36.85
36.86
36.86
36.86
36.87
36.91
36.94
36.92
36.85
36.82
36.82
36.92
37.10
37.19
37.33
37.47
37.57
37.63
37.75
37.80
37.80
37.82
37.82
37.74
37.75
37.77
37.78
37.75
37.69
37.59
37.48
37.47
37.38
37.23
37.05
36.94
36.88
36.88
36.90
36.92
36.93
36.96
37.00
37.05
37.07
37.04
36.94
36.85
36.76
36.66
36.64
36.68
36.73
36.83
36.94
37.01
37.06
37.08
37.08
37.06
37.05
37.03
36.98
36.89
36.82
36.77
36.75
36.75
36.73
36.63
36.53
36.52
36.53
36.54
36.55
36.56
36.56
36.58
36.59
36.58
36.53
36.46
36.40
36.36
36.31
36.28
36.25
36.23
36.20
36.15
36.09
36.05
36.03
36.02
35.98
35.95
35.93
35.93
35.98
36.04
36.08
36.11
36.13
36.14
36.14
36.16
36.18
36.19
36.18
36.20
36.22
36.24
36.24
36.24
36.26
36.29
36.32
36.34
36.34
36.34
36.33
36.32
36.30
36.28
36.27
36.26
36.25
36.23
36.23
36.22
36.21
36.21
36.21
36.20
36.19
36.18
36.18
36.17
36.17
36.16
36.16
36.16
36.16
36.14
36.13
36.10
36.08
36.08
36.06
36.06
36.06
36.07
36.08
36.08
36.08
36.08
36.10
36.10
36.10
36.11
36.13
36.13
36.11
36.11
36.14
36.21
36.27
36.31
36.34
36.32
36.32
36.34
36.34
36.34
36.35
36.34
36.32
36.27
36.21
36.34
36.46
36.50
36.53
36.56
36.66
36.75
36.76
36.69
36.72
36.79
36.92
36.95
36.95
36.95
36.98
37.01
37.02
37.05
37.01
36.98
36.98
36.98
36.98
36.98
37.00
37.00
36.98
36.95
36.95
36.95
36.95
36.97
36.98
37.00
37.01
37.01
36.98
36.95
36.92
36.91
36.88
36.88
36.87
36.87
36.85
36.85
36.88
36.92
36.95
36.96
36.96
36.93
36.92
36.92
36.95
36.97
37.01
37.05
37.13
37.17
37.08
37.01
37.02
36.97
36.94
36.92
36.93
36.92
36.92
36.95
36.99
37.05
37.05
37.02
37.01
37.00
37.03
37.05
37.10
37.24
37.43
37.49
37.62
37.59
37.54
37.46
37.38
37.33
37.27
37.20
37.17
37.17
37.18
37.22
37.35
37.46
37.56
37.68
37.83
37.98
38.15
38.31
38.40
38.49
38.61
38.61
38.53
38.48
38.42
38.36
38.30
38.24
38.16
38.10
38.05
38.01
37.89
37.75
37.86
38.01
38.07
38.11
38.19
38.30
38.39
38.42
38.42
38.40
38.36
38.32
38.28
38.25
38.25
38.25
38.27
38.27
38.26
38.22
38.15
38.08
38.01
37.93
37.85
37.79
37.78
37.77
37.76
37.76
37.76
37.72
37.69
37.67
37.64
37.57
37.48
37.41
37.39
37.41
37.43
37.46
37.48
37.46
37.43
37.37
37.30
37.24
37.21
37.20
37.19
37.15
37.11
37.07
37.04
37.05
37.05
37.08
37.11
37.11
37.13
37.12
37.10
37.07
37.05
37.07
37.08
37.08
37.05
37.01
37.00
36.98
36.96
36.98
36.99
36.98
36.95
36.91
36.89
36.90
36.92
36.94
36.96
36.99
37.02
37.05
37.07
37.08
37.08
37.09
37.11
37.11
37.12
37.13
37.14
37.14
37.15
37.16
37.17
37.17
37.17
37.17
37.14
37.12
37.08
37.05
37.01
36.97
36.93
36.92
36.94
36.96
36.97
36.98
36.98
36.98
36.96
36.95
36.94
36.92
36.92
36.90
36.89
36.87
36.85
36.81
36.76
36.73
36.69
36.66
36.62
36.58
36.53
36.50
36.45
36.41
36.38
36.35
36.30
36.26
36.22
36.21
36.22
36.22
36.24
36.27
36.31
36.37
36.43
36.50
36.58
36.67
36.76
36.84
36.87
36.88
36.86
36.86
36.86
36.85
36.85
36.85
36.86
36.88
36.90
36.92
36.90
36.87
36.82
36.72
36.56
36.34
36.18
36.08
36.00
35.96
36.03
36.18
36.31
36.41
36.47
36.52
36.51
36.56
36.65
36.81
37.00
37.21
37.21
37.29
37.22
37.27
37.53
37.74
37.80
37.80
37.70
37.62
37.56
37.53
37.60
37.62
37.64
37.63
37.62
37.67
37.75
37.82
37.85
37.87
37.87
37.87
37.87
37.88
37.88
37.86
37.91
38.04
38.18
38.29
38.33
38.33
38.31
38.33
38.38
38.41
38.40
38.36
38.30
38.22
38.20
38.24
38.29
38.33
38.38
38.40
38.40
38.39
38.35
38.30
38.22
38.15
38.08
38.06
38.13
38.20
38.27
38.30
38.37
38.49
38.62
38.82
38.99
39.11
39.20
39.28
39.35
39.41
39.48
39.58
39.63
39.62
39.56
39.46
39.30
39.21
39.18
39.17
39.17
39.20
39.24
39.30
39.31
39.30
39.30
39.29
39.30
39.29
39.30
39.30
39.34
39.63
40.06
40.44
40.78
41.01
41.12
41.10
41.04
40.97
40.88
40.78
40.72
40.71
40.71
40.70
40.64
40.54
40.42
40.30
40.23
40.21
40.24
40.20
40.11
40.01
39.86
39.60
39.25
38.94
38.66
38.45
38.28
38.20
38.24
38.27
38.39
38.65
38.86
38.96
38.93
38.85
38.73
38.52
38.24
38.11
38.17
38.18
38.15
38.19
38.27
38.36
38.46
38.54
38.60
38.67
38.71
38.69
38.63
38.55
38.43
38.32
38.20
38.11
38.07
38.06
38.06
38.04
38.00
37.94
37.88
37.84
37.81
37.82
37.84
37.88
37.95
38.03
38.08
38.10
38.01
37.95
37.85
37.72
37.64
37.53
37.29
37.00
36.77
36.67
36.77
37.03
37.50
37.96
38.24
38.35
38.40
38.45
38.46
38.46
38.46
38.42
38.36
38.40
38.52
38.62
38.86
39.07
39.23
39.36
39.46
39.51
39.52
39.54
39.54
39.50
39.46
39.42
39.37
39.35
39.33
39.31
39.26
39.12
38.87
38.72
38.69
38.65
38.61
38.61
38.50
38.39
38.36
38.31
38.29
38.29
38.36
38.45
38.50
38.53
38.56
38.56
38.50
38.46
38.46
38.48
38.49
38.51
38.49
38.46
38.42
38.33
38.26
38.24
38.29
38.33
38.37
38.39
38.39
38.40
38.40
38.39
38.37
38.36
38.34
38.30
38.26
38.22
38.15
38.06
38.00
38.03
38.06
38.08
38.09
38.11
38.14
38.17
38.16
38.11
38.04
38.01
38.02
38.06
38.11
38.16
38.24
38.42
38.59
38.69
38.76
38.82
38.88
38.96
39.02
39.07
39.06
39.04
38.99
38.89
38.81
38.76
38.76
38.76
38.75
38.75
38.72
38.67
38.62
38.59
38.57
38.52
38.45
38.33
38.10
37.97
37.99
38.02
38.01
37.90
37.91
38.04
