-15.88
-15.94
-15.94
-15.94
-15.94
-15.94
-15.94
-15.94
-15.94
-16.00
-16.00
-16.00
-16.00
-16.00
-16.00
-16.00
-16.06
-16.06
-16.06
-16.06
-16.06
-16.12
-16.12
-16.12
-16.12
-16.12
-16.12
-16.19
-16.19
-16.19
-16.19
-16.19
-16.19
-16.19
-16.19
-16.25
-16.25
-16.25
-16.25
-16.25
-16.25
-16.25
-16.31
-16.31
-16.31
-16.31
-16.31
-16.31
-16.31
-16.37
-16.37
-16.37
-16.37
-16.37
-16.37
-16.37
-16.37
-16.37
-16.44
-16.44
-16.37
-16.44
-16.44
-16.44
-16.44
-16.44
-16.44
-16.50
-16.50
-16.50
-16.50
-16.50
-16.50
-16.50
-16.56
-16.56
-16.56
-16.56
-16.56
-16.56
-16.56
-16.62
-16.62
-16.62
-16.62
-16.62
-16.62
-16.62
-16.62
-16.69
-16.69
-16.69
-16.69
-16.69
-16.69
-16.69
-16.69
-16.75
-16.75
-16.75
-16.75
-16.75
-16.75
-16.75
-16.75
-16.75
-16.75
-16.75
-16.75
-16.75
-16.75
-16.75
-16.81
-16.81
-16.81
-16.81
-16.81
-16.81
-16.81
-16.81
-16.81
-16.87
-16.87
-16.87
-16.87
-16.87
-16.87
-16.87
-16.87
-16.87
-16.87
-16.94
-16.94
-16.94
-16.94
-16.94
-16.94
-16.94
-17.00
-17.00
-17.00
-17.00
-17.00
-17.00
-17.00
-17.00
-17.00
-17.00
-17.06
-17.06
-17.06
-17.06
-17.06
-17.06
-17.06
-17.06
-17.06
-17.06
-17.06
-17.06
-17.12
-17.06
-17.06
-17.06
-17.12
-17.12
-17.12
-17.12
-17.12
-17.12
-17.12
-17.19
-17.19
-17.12
-17.12
-17.19
-17.19
-17.19
-17.19
-17.19
-17.19
-17.25
-17.25
-17.25
-17.25
-17.25
-17.25
-17.19
-17.19
-17.19
-17.19
-17.19
-17.19
-17.19
-17.19
-17.19
-17.19
-17.12
-17.12
-17.12
-17.12
-17.12
-17.12
-17.12
-17.12
-17.06
-17.06
-17.06
-17.06
-17.00
-17.00
-17.00
-17.00
-17.00
-17.00
-16.94
-16.94
-16.94
-16.94
-16.94
-16.87
-16.87
-16.87
-16.87
-16.81
-16.81
-16.81
-16.81
-16.81
-16.75
-16.75
-16.75
-16.75
-16.69
-16.69
-16.69
-16.69
-16.62
-16.62
-16.62
-16.62
-16.56
-16.56
-16.50
-16.50
-16.50
-16.50
-16.44
-16.44
-16.44
-16.37
-16.37
-16.37
-16.31
-16.31
-16.31
-16.25
-16.25
-16.25
-16.19
-16.19
-16.12
-16.12
-16.12
-16.06
-16.06
-16.06
-16.00
-16.00
-16.00
-15.94
-15.94
-15.94
-15.88
-15.88
-15.88
-15.81
-15.81
-15.81
-15.81
-15.75
-15.75
-15.75
-15.69
-15.69
-15.69
-15.63
-15.63
-15.63
-15.63
-15.56
-15.56
-15.56
-15.50
-15.50
-15.50
-15.50
-15.44
-15.44
-15.44
-15.44
-15.38
-15.38
-15.38
-15.31
-15.31
-15.31
-15.25
-15.25
-15.25
-15.25
-15.25
-15.19
-15.19
-15.19
-15.19
-15.13
-15.13
-15.13
-15.13
-15.13
-15.06
-15.06
-15.06
-15.06
-15.00
-15.00
-15.00
-15.00
-15.00
-14.94
-14.94
-14.94
-14.94
-14.94
-14.88
-14.88
-14.88
-14.88
-14.88
-14.81
-14.81
-14.81
-14.81
-14.81
-14.81
-14.81
-14.75
-14.75
-14.75
-14.75
-14.69
-14.69
-14.69
-14.69
-14.69
-14.69
-14.69
-14.63
-14.63
-14.63
-14.63
-14.63
-14.63
-14.63
-14.63
-14.56
-14.56
-14.56
-14.56
-14.56
-14.56
-14.50
-14.50
-14.50
-14.50
-14.50
-14.50
-14.50
-14.50
-14.44
-14.44
-14.44
-14.44
-14.44
-14.44
-14.44
-14.44
-14.44
-14.38
-14.38
-14.38
-14.38
-14.38
-14.38
-14.38
-14.31
-14.31
-14.31
-14.31
-14.31
-14.31
-14.31
-14.25
-14.25
-14.25
-14.25
-14.25
-14.25
-14.25
-14.19
-14.19
-14.19
-14.19
-14.19
-14.13
-14.13
-14.13
-14.13
-14.13
-14.13
-14.13
-14.06
-14.06
-14.06
-14.06
-14.06
-14.06
-14.06
-14.00
-14.00
-14.00
-14.00
-14.00
-14.00
-14.00
-14.00
-14.00
-14.00
-13.94
-13.94
-13.94
-13.94
-13.94
-13.94
-13.94
-13.94
-13.94
-13.94
-13.88
-13.88
-13.88
-13.88
-13.88
-13.88
-13.88
-13.88
-13.81
-13.81
-13.81
-13.81
-13.81
-13.81
-13.81
-13.81
-13.81
-13.81
-13.81
-13.75
-13.75
-13.75
-13.75
-13.75
-13.75
-13.75
-13.75
-13.75
-13.75
-13.69
-13.69
-13.69
-13.69
-13.69
-13.69
-13.69
-13.69
-13.69
-13.69
-13.69
-13.69
-13.69
-13.63
-13.63
-13.63
-13.63
-13.63
-13.63
-13.63
-13.63
-13.63
-13.63
-13.63
-13.63
-13.56
-13.56
-13.56
-13.56
-13.56
-13.56
-13.56
-13.56
-13.56
-13.56
-13.56
-13.56
-13.50
-13.50
-13.50
-13.50
-13.50
-13.50
-13.50
-13.50
-13.50
-13.50
-13.50
-13.50
-13.50
-13.44
-13.44
-13.44
-13.44
-13.44
-13.44
-13.44
-13.44
-13.44
-13.44
-13.44
-13.44
-13.44
-13.44
-13.44
-13.44
-13.38
-13.38
-13.38
-13.38
-13.38
-13.38
-13.38
-13.38
-13.38
-13.38
-13.38
-13.38
-13.38
-13.38
-13.38
-13.38
-13.38
-13.31
-13.31
-13.31
-13.31
-13.31
-13.31
-13.31
-13.31
-13.31
-13.31
-13.31
-13.31
-13.31
-13.31
-13.31
-13.25
-13.31
-13.31
-13.25
-13.25
-13.25
-13.25
-13.25
-13.25
-13.25
-13.25
-13.25
-13.25
-13.25
-13.25
-13.25
-13.25
-13.25
-13.25
-13.25
-13.19
-13.19
-13.19
-13.19
-13.19
-13.19
-13.19
-13.19
-13.19
-13.19
-13.19
-13.19
-13.19
-13.19
-13.19
-13.19
-13.19
-13.19
-13.19
-13.19
-13.13
-13.13
-13.13
-13.13
-13.13
-13.13
-13.13
-13.13
-13.13
-13.13
-13.13
-13.13
-13.13
-13.13
-13.13
-13.13
-13.13
-13.06
-13.06
-13.13
-13.06
-13.06
-13.06
-13.06
-13.06
-13.06
-13.06
-13.06
-13.06
-13.06
-13.06
-13.06
-13.06
-13.06
-13.06
-13.06
-13.00
-13.00
-13.00
-13.00
-13.00
-13.00
-13.00
-13.00
-13.00
-13.00
-13.00
-13.00
-13.00
-13.00
-13.00
-13.00
-13.00
-13.00
-13.00
-12.94
-12.94
-13.00
-12.94
-12.94
-12.94
-12.94
-12.94
-12.94
-12.94
-12.94
-12.94
-12.94
-12.94
-12.94
-12.94
-12.94
-12.94
-12.88
-12.88
-12.94
-12.88
-12.88
-12.88
-12.88
-12.88
-12.88
-12.88
-12.88
-12.88
-12.88
-12.88
-12.88
-12.88
-12.88
-12.88
-12.88
-12.88
-12.88
-12.81
-12.81
-12.81
-12.81
-12.81
-12.81
-12.81
-12.81
-12.81
-12.81
-12.81
-12.81
-12.81
-12.81
-12.81
-12.81
-12.81
-12.81
-12.81
-12.81
-12.75
-12.81
-12.75
-12.75
-12.75
-12.75
-12.75
-12.75
-12.75
-12.75
-12.75
-12.75
-12.75
-12.75
-12.75
-12.75
-12.75
-12.75
-12.75
-12.75
-12.75
-12.75
-12.75
-12.75
-12.75
-12.69
-12.75
-12.69
-12.69
-12.69
-12.69
-12.69
-12.69
-12.69
-12.69
-12.69
-12.69
-12.69
-12.69
-12.69
-12.69
-12.69
-12.69
-12.69
-12.63
-12.69
-12.69
-12.63
-12.63
-12.63
-12.63
-12.63
-12.63
-12.63
-12.63
-12.63
-12.63
-12.63
-12.63
-12.63
-12.63
-12.63
-12.63
-12.63
-12.63
-12.63
-12.63
-12.63
-12.56
-12.63
-12.56
-12.56
-12.56
-12.56
-12.56
-12.56
-12.56
-12.56
-12.56
-12.56
-12.56
-12.56
-12.56
-12.56
-12.56
-12.56
-12.50
-12.50
-12.50
-12.50
-12.50
-12.50
-12.50
-12.50
-12.50
-12.50
-12.50
-12.50
-12.50
-12.50
-12.50
-12.50
-12.50
-12.50
-12.50
-12.50
-12.50
-12.50
-12.44
-12.50
-12.50
-12.44
-12.44
-12.44
-12.44
-12.44
-12.44
-12.44
-12.44
-12.44
-12.44
-12.44
-12.44
-12.44
-12.44
-12.44
-12.44
-12.44
-12.44
-12.44
-12.44
-12.44
-12.44
-12.44
-12.44
-12.44
-12.38
-12.38
-12.44
-12.38
-12.38
-12.38
-12.38
-12.38
-12.38
-12.38
-12.38
-12.38
-12.38
-12.38
-12.38
-12.38
-12.38
-12.38
-12.38
-12.38
-12.38
-12.31
-12.38
-12.31
-12.31
-12.31
-12.31
-12.38
-12.31
-12.31
-12.31
-12.31
-12.31
-12.31
-12.31
-12.31
-12.31
-12.31
-12.31
-12.31
-12.31
-12.31
-12.31
-12.31
-12.25
-12.25
-12.25
-12.25
-12.25
-12.25
-12.25
-12.25
-12.25
-12.25
-12.25
-12.25
-12.25
-12.25
-12.25
-12.25
-12.25
-12.25
-12.25
-12.25
-12.25
-12.25
-12.25
-12.19
-12.19
-12.19
-12.19
-12.19
-12.19
-12.19
-12.19
-12.19
-12.19
-12.19
-12.19
-12.19
-12.19
-12.19
-12.19
-12.19
-12.19
-12.19
-12.19
-12.19
-12.19
-12.19
-12.19
-12.19
-12.13
-12.13
-12.13
-12.13
-12.13
-12.13
-12.13
-12.13
-12.13
-12.13
-12.13
-12.13
-12.13
-12.06
-12.13
-12.13
-12.06
-12.06
-12.06
-12.06
-12.06
-12.06
-12.06
-12.06
-12.06
-12.06
-12.06
-12.06
-12.06
-12.06
-12.06
-12.06
-12.06
-12.06
-12.06
-12.06
-12.06
-12.06
-12.00
-12.00
-12.00
-12.00
-12.00
-12.00
-12.00
-12.00
-12.00
-12.00
-12.00
-12.00
-12.00
-12.00
-12.00
-12.00
-12.00
-11.94
-12.00
-11.94
-12.00
-11.94
-11.94
-11.94
-11.94
-11.94
-11.94
-11.94
-11.94
-11.94
-11.94
-11.94
-11.94
-11.94
-11.94
-11.94
-11.94
-11.94
-11.94
-11.94
-11.94
-11.94
-11.94
-11.94
-11.88
-11.94
-11.94
-11.94
-11.88
-11.88
-11.94
-11.88
-11.88
-11.88
-11.88
-11.88
-11.88
-11.88
-11.88
-11.88
-11.88
-11.88
-11.88
-11.88
-11.81
-11.81
-11.81
-11.88
-11.81
-11.81
-11.81
-11.81
-11.81
-11.81
-11.81
-11.81
-11.81
-11.81
-11.81
-11.81
-11.81
-11.81
-11.81
-11.81
-11.75
-11.81
-11.75
-11.81
-11.81
-11.75
-11.81
-11.75
-11.75
-11.75
-11.75
-11.75
-11.75
-11.75
-11.75
-11.75
-11.75
-11.75
-11.75
-11.75
-11.75
-11.75
-11.75
-11.75
-11.75
-11.75
-11.75
-11.69
-11.75
-11.69
-11.69
-11.69
-11.69
-11.69
-11.69
-11.69
-11.69
-11.69
-11.69
-11.69
-11.69
-11.69
-11.69
-11.69
-11.69
-11.69
-11.69
-11.69
-11.69
-11.69
-11.63
-11.63
-11.63
-11.63
-11.63
-11.63
-11.63
-11.63
-11.63
-11.63
-11.63
-11.63
-11.63
-11.63
-11.63
-11.63
-11.63
-11.63
-11.63
-11.63
-11.63
-11.63
-11.63
-11.63
-11.63
-11.63
-11.63
-11.63
-11.63
-11.63
-11.63
-11.63
-11.63
-11.63
-11.63
-11.63
-11.63
-11.56
-11.56
-11.56
-11.56
-11.56
-11.56
-11.56
-11.56
-11.56
-11.56
-11.56
-11.56
-11.56
-11.56
-11.56
-11.56
-11.56
-11.56
-11.56
-11.56
-11.50
-11.50
-11.50
-11.50
-11.50
-11.50
-11.50
-11.50
-11.50
-11.50
-11.50
-11.50
-11.50
-11.50
-11.44
-11.50
-11.50
-11.50
-11.44
-11.50
-11.44
-11.44
-11.44
-11.44
-11.44
-11.44
-11.44
-11.44
-11.44
-11.44
-11.44
-11.44
-11.44
-11.44
-11.44
-11.44
-11.44
-11.44
-11.44
-11.44
-11.44
-11.44
-11.38
-11.44
-11.38
-11.38
-11.38
-11.38
-11.38
-11.38
-11.38
-11.38
-11.31
-11.31
-11.25
-11.25
-11.19
-11.19
-11.19
-11.13
-11.13
-11.13
-11.06
-11.06
-11.00
-11.00
-11.00
-11.00
-11.00
-11.00
-11.00
-10.94
-11.00
-11.00
-10.94
-10.94
-10.94
-10.94
-10.94
-11.00
-10.94
-11.00
-11.00
-11.00
-11.00
-11.06
-11.06
-11.06
-11.06
-11.06
-11.06
-11.13
-11.13
-11.13
-11.19
-11.19
-11.19
-11.25
-11.25
-11.25
-11.31
-11.31
-11.31
-11.38
-11.38
-11.38
-11.44
-11.44
-11.44
-11.50
-11.50
-11.50
-11.56
-11.56
-11.63
-11.63
-11.63
-11.69
-11.69
-11.69
-11.75
-11.75
-11.75
-11.81
-11.88
-11.88
-11.94
-11.94
-11.94
-11.94
-12.00
-12.00
-12.06
-12.13
-12.13
-12.13
-12.19
-12.19
-12.25
-12.25
-12.25
-12.25
-12.31
-12.31
-12.38
-12.38
-12.38
-12.44
-12.44
-12.50
-12.50
-12.56
-12.56
-12.56
-12.63
-12.63
-12.69
-12.69
-12.75
-12.75
-12.81
-12.81
-12.81
-12.88
-12.88
-12.94
-12.94
-13.00
-13.00
-13.00
-13.06
-13.06
-13.06
-13.13
-13.13
-13.13
-13.13
-13.19
-13.19
-13.25
-13.25
-13.25
-13.31
-13.31
-13.31
-13.31
-13.38
-13.44
-13.44
-13.44
-13.44
-13.44
-13.50
-13.50
-13.56
-13.56
-13.56
-13.63
-13.63
-13.63
-13.63
-13.69
-13.69
-13.69
-13.75
-13.75
-13.75
-13.81
-13.81
-13.81
-13.81
-13.81
-13.88
-13.88
-13.88
-13.88
-13.94
-13.94
-13.94
-14.00
-14.00
-14.00
-14.00
-14.00
-14.06
-14.06
-14.06
-14.13
-14.13
-14.13
-14.13
-14.19
-14.19
-14.19
-14.19
-14.25
-14.25
-14.25
-14.25
-14.31
-14.31
-14.31
-14.31
-14.38
-14.38
-14.38
-14.38
-14.38
-14.38
-14.44
-14.44
-14.44
-14.50
-14.50
-14.50
-14.50
-14.50
-14.56
-14.56
-14.56
-14.63
-14.63
-14.63
-14.63
-14.69
-14.69
-14.69
-14.69
-14.69
-14.75
-14.75
-14.75
-14.75
-14.75
-14.81
-14.81
-14.81
-14.81
-14.81
-14.81
-14.88
-14.88
-14.88
-14.88
-14.88
-14.94
-14.94
-14.94
-14.94
-14.94
-14.94
-15.00
-15.00
-15.00
-15.00
-15.06
-15.06
-15.06
-15.06
-15.13
-15.13
-15.13
-15.13
-15.13
-15.13
-15.19
-15.19
-15.19
-15.19
-15.19
-15.19
-15.19
-15.25
-15.25
-15.25
-15.25
-15.31
-15.31
-15.31
-15.31
-15.31
-15.38
-15.38
-15.38
-15.38
-15.38
-15.38
-15.38
-15.44
-15.44
-15.44
-15.44
-15.44
-15.44
-15.44
-15.50
-15.50
-15.50
-15.50
-15.50
-15.50
-15.56
-15.56
-15.56
-15.56
-15.56
-15.63
-15.63
-15.63
-15.63
-15.63
-15.63
-15.63
-15.63
-15.69
-15.69
-15.69
-15.69
-15.69
-15.69
-15.75
-15.75
-15.75
-15.75
-15.75
-15.75
-15.75
-15.81
-15.81
-15.81
-15.81
-15.81
-15.88
-15.88
-15.88
-15.88
-15.88
-15.94
-15.88
-15.94
-15.94
-15.94
-15.94
-15.94
-16.00
-16.00
-16.00
-16.00
-16.00
-16.06
-16.06
-16.06
-16.06
-16.06
-16.06
-16.12
-16.06
-16.06
-16.06
-16.12
-16.12
-16.12
-16.12
-16.12
-16.12
-16.12
-16.12
-16.12
-16.19
-16.19
-16.19
-16.19
-16.19
-16.19
-16.19
-16.19
-16.25
-16.25
-16.25
-16.25
-16.25
-16.25
-16.25
-16.31
-16.31
-16.31
-16.31
-16.31
-16.31
-16.31
-16.31
-16.31
-16.31
-16.31
-16.37
-16.37
-16.37
-16.37
-16.37
-16.37
-16.37
-16.44
-16.44
-16.44
-16.44
-16.44
-16.44
-16.44
-16.44
-16.44
-16.50
-16.50
-16.50
-16.50
-16.50
-16.50
-16.50
-16.56
-16.56
-16.56
-16.56
-16.56
-16.56
-16.56
-16.56
-16.56
-16.56
-16.56
-16.56
-16.56
-16.62
-16.62
-16.62
-16.62
-16.62
-16.62
-16.62
-16.62
-16.62
-16.69
-16.69
-16.69
-16.69
-16.69
-16.69
-16.69
-16.69
-16.69
-16.69
-16.69
-16.75
-16.75
-16.75
-16.75
-16.75
-16.75
-16.75
-16.75
-16.75
-16.81
-16.81
-16.81
-16.81
-16.81
-16.87
-16.87
-16.87
-16.87
-16.87
-16.87
-16.87
-16.87
-16.87
-16.87
-16.87
-16.94
-16.94
-16.94
-16.94
-16.94
-16.94
-16.94
-16.94
-17.00
-17.00
-17.00
-17.00
-17.00
-17.00
-17.00
-17.00
-17.00
-17.00
-17.00
-17.00
-17.06
-17.00
-17.06
-17.06
-17.06
-17.06
-17.06
-17.06
-17.06
-17.12
-17.12
-17.12
-17.12
-17.12
-17.12
-17.12
-17.12
-17.12
-17.12
-17.19
-17.19
-17.19
-17.12
-17.12
-17.12
-17.12
-17.12
-17.12
-17.12
-17.12
-17.12
-17.06
-17.06
-17.06
-17.06
-17.06
-17.00
-17.00
-17.00
-17.00
-17.00
-17.00
-16.94
-16.94
-16.94
-16.94
-16.94
-16.87
-16.87
-16.87
-16.87
-16.87
-16.87
-16.81
-16.81
-16.81
-16.81
-16.75
-16.75
-16.75
-16.69
-16.69
-16.69
-16.69
-16.69
-16.62
-16.62
-16.62
-16.62
-16.62
-16.56
-16.56
-16.56
-16.56
-16.50
-16.50
-16.50
-16.44
-16.44
-16.44
-16.37
-16.37
-16.37
-16.31
-16.31
-16.31
-16.25
-16.25
-16.25
-16.19
-16.19
-16.19
-16.12
-16.12
-16.12
-16.06
-16.06
-16.00
-16.00
-16.00
-15.94
-15.94
-15.94
-15.94
-15.88
-15.88
-15.88
-15.81
-15.81
-15.81
-15.75
-15.75
-15.75
-15.69
-15.69
-15.69
-15.63
-15.63
-15.63
-15.63
-15.56
-15.56
-15.50
-15.50
-15.50
-15.50
-15.44
-15.44
-15.44
-15.44
-15.38
-15.38
-15.38
-15.38
-15.31
-15.31
-15.31
-15.25
-15.25
-15.25
-15.25
-15.19
-15.19
-15.19
-15.19
-15.13
-15.13
-15.13
-15.13
-15.13
-15.06
-15.06
-15.06
-15.06
-15.00
-15.00
-15.00
-15.00
-14.94
-14.94
-14.94
-14.94
-14.88
-14.88
-14.88
-14.88
-14.88
-14.81
-14.81
-14.81
-14.81
-14.81
-14.81
-14.81
-14.75
-14.75
-14.75
-14.75
-14.75
-14.75
-14.69
-14.69
-14.69
-14.69
-14.69
-14.69
-14.63
-14.63
-14.63
-14.63
-14.63
-14.63
-14.56
-14.56
-14.56
-14.56
-14.56
-14.50
-14.50
-14.50
-14.50
-14.50
-14.50
-14.50
-14.44
-14.44
-14.44
-14.44
-14.44
-14.44
-14.38
-14.38
-14.38
-14.38
-14.38
-14.31
-14.38
-14.31
-14.31
-14.31
-14.31
-14.31
-14.25
-14.25
-14.25
-14.25
-14.25
-14.25
-14.25
-14.25
-14.19
-14.19
-14.19
-14.19
-14.19
-14.19
-14.19
-14.19
-14.19
-14.13
-14.13
-14.13
-14.13
-14.13
-14.13
-14.13
-14.13
-14.06
-14.13
-14.06
-14.06
-14.06
-14.06
-14.00
-14.00
-14.00
-14.00
-14.00
-14.00
-13.94
-13.94
-13.94
-13.94
-13.94
-13.94
-13.94
-13.88
-13.88
-13.88
-13.88
-13.88
-13.88
-13.88
-13.88
-13.88
-13.88
-13.88
-13.81
-13.81
-13.81
-13.81
-13.81
-13.81
-13.81
-13.81
-13.81
-13.75
-13.75
-13.75
-13.75
-13.75
-13.75
-13.75
-13.75
-13.75
-13.75
-13.69
-13.69
-13.69
-13.69
-13.69
-13.69
-13.69
-13.63
-13.63
-13.63
-13.63
-13.63
-13.63
-13.63
-13.63
-13.63
-13.63
-13.63
-13.56
-13.56
-13.56
-13.56
-13.56
-13.56
-13.56
-13.56
-13.56
-13.56
-13.50
-13.50
-13.50
-13.50
-13.50
-13.50
-13.50
-13.50
-13.50
-13.50
-13.50
-13.50
-13.50
-13.50
-13.44
-13.44
-13.44
-13.44
-13.44
-13.44
-13.44
-13.44
-13.44
-13.44
-13.44
-13.44
-13.38
-13.38
-13.38
-13.38
-13.38
-13.38
-13.38
-13.38
-13.38
-13.38
-13.38
-13.38
-13.31
-13.31
-13.38
-13.31
-13.31
-13.31
-13.31
-13.31
-13.31
-13.31
-13.31
-13.31
-13.31
-13.31
-13.25
-13.25
-13.25
-13.25
-13.25
-13.25
-13.25
-13.25
-13.25
-13.25
-13.25
-13.25
-13.25
-13.25
-13.25
-13.25
-13.25
-13.19
-13.19
-13.19
-13.19
-13.19
-13.19
-13.19
-13.19
-13.19
-13.19
-13.19
-13.19
-13.19
-13.19
-13.19
-13.13
-13.19
-13.19
-13.13
-13.13
-13.13
-13.13
-13.13
-13.13
-13.13
-13.13
-13.13
-13.13
-13.13
-13.13
-13.13
-13.13
-13.13
-13.13
-13.06
-13.06
-13.06
-13.06
-13.06
-13.06
-13.06
-13.06
-13.06
-13.06
-13.06
-13.06
-13.06
-13.06
-13.06
-13.06
-13.06
-13.06
-13.00
-13.00
-13.00
-13.00
-13.00
-13.00
-13.00
-13.00
-13.00
-13.00
-13.00
-13.00
-13.00
-13.00
-13.00
-13.00
-13.00
-13.00
-13.00
-12.94
-12.94
-12.94
-12.94
-12.94
-12.94
-12.94
-12.94
-12.94
-12.94
-12.94
-12.94
-12.94
-12.94
-12.94
-12.94
-12.94
-12.94
-12.94
-12.88
-12.88
-12.88
-12.88
-12.88
-12.88
-12.88
-12.88
-12.88
-12.88
-12.88
-12.88
-12.88
-12.88
-12.88
-12.88
-12.88
-12.88
-12.88
-12.88
-12.88
-12.81
-12.81
-12.81
-12.81
-12.81
-12.81
-12.81
-12.81
-12.81
-12.81
-12.81
-12.81
-12.81
-12.81
-12.81
-12.81
-12.81
-12.81
-12.81
-12.81
-12.75
-12.81
-12.81
-12.75
-12.75
-12.75
-12.75
-12.75
-12.75
-12.75
-12.75
-12.75
-12.75
-12.75
-12.75
-12.75
-12.75
-12.75
-12.75
-12.75
-12.75
-12.75
-12.75
-12.75
-12.69
-12.69
-12.69
-12.69
-12.69
-12.69
-12.69
-12.69
-12.69
-12.69
-12.69
-12.69
-12.69
-12.69
-12.69
-12.69
-12.69
-12.69
-12.69
-12.69
-12.63
-12.63
-12.63
-12.63
-12.63
-12.63
-12.63
-12.63
-12.63
-12.63
-12.63
-12.63
-12.63
-12.63
-12.63
-12.63
-12.63
-12.63
-12.63
-12.63
-12.56
-12.63
-12.63
-12.63
-12.56
-12.56
-12.56
-12.56
-12.56
-12.56
-12.56
-12.56
-12.56
-12.56
-12.56
-12.56
-12.56
-12.56
-12.50
-12.56
-12.50
-12.50
-12.50
-12.50
-12.50
-12.50
-12.50
-12.50
-12.50
-12.50
-12.50
-12.50
-12.50
-12.50
-12.50
-12.50
-12.50
-12.50
-12.50
-12.50
-12.50
-12.50
-12.50
-12.44
-12.50
-12.44
-12.44
-12.44
-12.44
-12.44
-12.44
-12.44
-12.44
-12.44
-12.44
-12.44
-12.44
-12.44
-12.44
-12.44
-12.44
-12.44
-12.44
-12.44
-12.44
-12.44
-12.38
-12.38
-12.38
-12.38
-12.38
-12.38
-12.38
-12.38
-12.38
-12.38
-12.38
-12.38
-12.38
-12.38
-12.38
-12.38
-12.38
-12.38
-12.38
-12.38
-12.38
-12.31
-12.38
-12.38
-12.31
-12.31
-12.31
-12.31
-12.31
-12.31
-12.31
-12.31
-12.31
-12.31
-12.31
-12.31
-12.31
-12.31
-12.31
-12.31
-12.31
-12.31
-12.31
-12.31
-12.25
-12.25
-12.25
-12.25
-12.25
-12.25
-12.25
-12.25
-12.25
-12.25
-12.25
-12.25
-12.25
-12.25
-12.25
-12.25
-12.25
-12.25
-12.25
-12.19
-12.25
-12.19
-12.19
-12.19
-12.19
-12.19
-12.19
-12.19
-12.19
-12.19
-12.19
-12.19
-12.19
-12.19
-12.19
-12.19
-12.19
-12.19
-12.19
-12.19
-12.19
-12.19
-12.19
-12.19
-12.13
-12.19
-12.13
-12.13
-12.13
-12.13
-12.13
-12.13
-12.13
-12.13
-12.13
-12.13
-12.13
-12.13
-12.13
-12.13
-12.13
-12.13
-12.13
-12.13
-12.13
-12.13
-12.06
-12.06
-12.13
-12.13
-12.06
-12.06
-12.06
-12.06
-12.06
-12.06
-12.06
-12.06
-12.06
-12.06
-12.06
-12.06
-12.06
-12.06
-12.00
-12.00
-12.00
-12.00
-12.00
-12.00
-12.00
-12.00
-12.00
-12.00
-12.00
-12.00
-12.00
-12.00
-12.00
-12.00
-12.00
-12.00
-12.00
-12.00
-12.00
-12.00
-12.00
-11.94
-11.94
-11.94
-11.94
-11.94
-11.94
-11.94
-11.94
-11.94
-11.94
-11.94
-11.94
-11.94
-11.94
-11.94
-11.94
-11.94
-11.94
-11.94
-11.94
-11.94
-11.94
-11.88
-11.94
-11.94
-11.88
-11.88
-11.88
-11.88
-11.88
-11.88
-11.88
-11.88
-11.88
-11.88
-11.88
-11.88
-11.88
-11.88
-11.88
-11.88
-11.88
-11.81
-11.88
-11.88
-11.81
-11.88
-11.88
-11.81
-11.88
-11.81
-11.81
-11.81
-11.81
-11.81
-11.81
-11.81
-11.81
-11.81
-11.81
-11.81
-11.81
-11.81
-11.81
-11.81
-11.81
-11.81
-11.75
-11.81
-11.81
-11.75
-11.75
-11.75
-11.75
-11.75
-11.75
-11.75
-11.75
-11.75
-11.75
-11.75
-11.75
-11.75
-11.75
-11.75
-11.75
-11.75
-11.75
-11.75
-11.75
-11.75
-11.75
-11.75
-11.75
-11.69
-11.69
-11.69
-11.69
-11.69
-11.69
-11.69
-11.69
-11.69
-11.69
-11.69
-11.69
-11.69
-11.69
-11.69
-11.69
-11.69
-11.69
-11.69
-11.69
-11.69
-11.69
-11.69
-11.63
-11.63
-11.63
-11.63
-11.63
-11.63
-11.63
-11.63
-11.63
-11.63
-11.63
-11.63
-11.63
-11.63
-11.63
-11.63
-11.63
-11.63
-11.63
-11.63
-11.63
-11.56
-11.56
-11.56
-11.56
-11.56
-11.56
-11.56
-11.56
-11.56
-11.56
-11.56
-11.56
-11.56
-11.56
-11.56
-11.56
-11.56
-11.56
-11.56
-11.56
-11.56
-11.50
-11.50
-11.50
-11.56
-11.50
-11.50
-11.50
-11.50
-11.50
-11.50
-11.50
-11.50
-11.50
-11.50
-11.50
-11.50
-11.50
-11.50
-11.50
-11.50
-11.50
-11.50
-11.50
-11.50
-11.50
-11.44
-11.44
-11.44
-11.44
-11.44
-11.44
-11.44
-11.44
-11.44
-11.44
-11.44
-11.44
-11.44
-11.44
-11.44
-11.44
-11.44
-11.44
-11.44
-11.44
-11.44
-11.44
-11.44
-11.44
-11.44
-11.44
-11.38
-11.44
-11.38
-11.38
-11.38
-11.38
-11.38
-11.38
-11.38
-11.38
-11.38
-11.38
-11.38
-11.38
-11.38
-11.38
-11.38
-11.38
-11.38
-11.38
-11.38
-11.38
-11.38
-11.38
-11.38
-11.38
-11.38
-11.38
-11.31
-11.38
-11.31
-11.38
-11.31
-11.31
-11.31
-11.31
-11.31
-11.31
-11.31
-11.31
-11.31
-11.31
-11.31
-11.31
-11.31
-11.25
-11.31
-11.31
-11.25
-11.25
-11.25
-11.25
-11.25
-11.25
-11.25
-11.25
-11.25
-11.25
-11.25
-11.25
-11.25
-11.25
-11.25
-11.25
-11.25
-11.19
-11.13
-11.13
-11.13
-11.06
-11.06
-11.06
-11.00
-11.00
-11.00
-10.94
-10.94
-10.94
-10.94
-10.94
-10.88
-10.88
-10.88
-10.88
-10.88
-10.81
-10.81
-10.88
-10.81
-10.81
-10.81
-10.81
-10.81
-10.88
-10.88
-10.88
-10.88
-10.88
-10.88
-10.94
-10.94
-10.94
-10.94
-11.00
-11.00
-11.00
-11.00
-11.00
-11.06
-11.06
-11.06
-11.13
-11.13
-11.13
-11.19
-11.19
-11.25
-11.25
-11.25
-11.31
-11.31
-11.38
-11.38
-11.38
-11.44
-11.44
-11.50
-11.50
-11.50
-11.56
-11.56
-11.63
-11.63
-11.63
-11.63
-11.69
-11.69
-11.75
-11.75
-11.75
-11.81
-11.81
-11.81
-11.88
-11.88
-11.94
-11.94
-12.00
-12.00
-12.06
-12.06
-12.06
-12.13
-12.13
-12.13
-12.19
-12.19
-12.19
-12.25
-12.25
-12.31
-12.31
-12.38
-12.38
-12.38
-12.44
-12.44
-12.50
-12.50
-12.56
-12.56
-12.63
-12.63
-12.63
-12.63
-12.69
-12.69
-12.75
-12.75
-12.75
-12.81
-12.81
-12.81
-12.88
-12.88
-12.88
-12.94
-12.94
-12.94
-13.00
-13.00
-13.00
-13.06
-13.13
-13.13
-13.13
-13.13
-13.19
-13.25
-13.25
-13.25
-13.25
-13.25
-13.31
-13.31
-13.31
-13.38
-13.38
-13.38
-13.44
-13.44
-13.44
-13.44
-13.50
-13.50
-13.50
-13.56
-13.56
-13.63
-13.63
-13.63
-13.63
-13.69
-13.69
-13.69
-13.69
-13.75
-13.75
-13.75
-13.81
-13.81
-13.81
-13.88
-13.88
-13.88
-13.94
-13.94
-13.94
-13.94
-14.00
-14.00
-14.00
-14.00
-14.06
-14.06
-14.06
-14.13
-14.13
-14.13
-14.13
-14.13
-14.19
-14.19
-14.19
-14.19
-14.25
-14.25
-14.25
-14.31
-14.31
-14.31
-14.31
-14.31
-14.38
-14.38
-14.38
-14.38
-14.44
-14.44
-14.44
-14.50
-14.50
-14.50
-14.50
-14.50
-14.56
-14.56
-14.56
-14.56
-14.56
-14.63
-14.63
-14.63
-14.63
-14.69
-14.69
-14.69
-14.69
-14.69
-14.75
-14.75
-14.75
-14.75
-14.81
-14.81
-14.81
-14.81
-14.88
-14.88
-14.88
-14.88
-14.88
-14.94
-14.94
-14.94
-14.94
-14.94
-14.94
-14.94
-15.00
-15.00
-15.00
-15.00
-15.00
-15.00
-15.06
-15.06
-15.06
-15.06
-15.13
-15.13
-15.13
-15.13
-15.13
-15.13
-15.13
-15.19
-15.19
-15.19
-15.19
-15.19
-15.25
-15.25
-15.25
-15.25
-15.25
-15.31
-15.31
-15.31
-15.31
-15.31
-15.31
-15.31
-15.31
-15.38
-15.38
-15.38
-15.38
-15.44
-15.44
-15.44
-15.44
-15.44
-15.44
-15.44
-15.50
-15.50
-15.50
-15.50
-15.50
-15.56
-15.56
-15.56
-15.56
-15.56
-15.56
-15.56
-15.63
-15.63
-15.63
-15.63
-15.63
-15.69
-15.69
-15.69
-15.69
-15.69
-15.69
-15.69
-15.75
-15.75
-15.75
-15.75
-15.75
-15.81
-15.81
-15.81
-15.81
-15.81
-15.81
-15.81
-15.81
-15.88
-15.88
-15.88
-15.88
-15.88
-15.88
-15.88
-15.94
-15.94
-15.94
-15.94
-15.94
-15.94
-15.94
-15.94
-15.94
-15.94
-16.00
-16.00
-15.94
-16.00
-16.00
-16.00
-16.00
-16.06
-16.06
-16.06
-16.06
-16.06
-16.12
-16.12
-16.12
-16.12
-16.12
-16.12
-16.12
-16.12
-16.19
-16.19
-16.19
-16.19
-16.19
-16.19
-16.19
-16.19
-16.19
-16.19
-16.19
-16.19
-16.25
-16.25
-16.25
-16.25
-16.31
-16.25
-16.31
-16.31
-16.31
-16.31
-16.31
-16.31
-16.31
-16.37
-16.37
-16.37
-16.37
-16.37
-16.37
-16.37
-16.37
-16.37
-16.44
-16.44
-16.44
-16.44
-16.44
-16.44
-16.44
-16.44
-16.44
-16.44
-16.50
-16.50
-16.50
-16.50
-16.50
-16.50
-16.50
-16.50
-16.56
-16.56
-16.56
-16.56
-16.56
-16.56
-16.56
-16.56
-16.56
-16.62
-16.62
-16.62
-16.62
-16.62
-16.62
-16.62
-16.62
-16.62
-16.69
-16.69
-16.69
-16.69
-16.69
-16.69
-16.69
-16.69
-16.69
-16.69
-16.75
-16.75
-16.75
-16.75
-16.75
-16.75
-16.75
-16.81
-16.81
-16.81
-16.81
-16.81
-16.81
-16.81
-16.81
-16.81
-16.81
-16.81
-16.87
-16.81
-16.87
-16.87
-16.87
-16.87
-16.87
-16.87
-16.94
-16.94
-16.94
-16.94
-16.94
-16.94
-16.94
-16.94
-16.94
-16.94
-16.94
-16.94
-16.94
-17.00
-17.00
-17.00
-17.00
-17.00
-17.00
-17.00
-17.00
-17.00
-17.00
-17.00
-17.06
-17.06
-17.06
-17.06
-17.06
-17.06
-17.06
-17.12
-17.12
-17.12
-17.12
-17.12
-17.12
-17.12
-17.12
-17.12
-17.12
-17.12
-17.12
-17.12
-17.12
-17.12
-17.06
-17.06
-17.06
-17.06
-17.06
-17.06
-17.06
-17.06
-17.00
-17.00
-17.00
-17.00
-17.00
-16.94
-16.94
-16.94
-16.94
-16.94
-16.94
-16.87
-16.87
-16.87
-16.87
-16.81
-16.81
-16.81
-16.81
-16.75
-16.75
-16.75
-16.75
-16.75
-16.75
-16.69
-16.69
-16.69
-16.62
-16.62
-16.62
-16.62
-16.62
-16.56
-16.56
-16.56
-16.50
-16.50
-16.50
-16.50
-16.50
-16.44
-16.44
-16.44
-16.37
-16.37
-16.37
-16.31
-16.31
-16.31
-16.25
-16.25
-16.25
-16.19
-16.19
-16.12
-16.12
-16.12
-16.06
-16.06
-16.06
-16.00
-16.00
-16.00
-15.94
-15.94
-15.94
-15.88
-15.88
-15.81
-15.81
-15.81
-15.75
-15.75
-15.75
-15.75
-15.69
-15.69
-15.69
-15.63
-15.63
-15.63
-15.56
-15.56
-15.56
-15.50
-15.50
-15.50
-15.44
-15.44
-15.44
-15.38
-15.38
-15.38
-15.38
-15.31
-15.31
-15.31
-15.25
-15.25
-15.25
-15.25
-15.19
-15.19
-15.19
-15.19
-15.13
-15.13
-15.13
-15.13
-15.13
-15.06
-15.06
-15.00
-15.00
-15.00
-15.00
-15.00
-14.94
-14.94
-14.94
-14.94
-14.88
-14.88
-14.88
-14.88
-14.81
-14.81
-14.81
-14.75
-14.81
-14.75
-14.75
-14.75
-14.69
-14.69
-14.69
-14.69
-14.69
-14.69
-14.63
-14.63
-14.63
-14.63
-14.63
-14.56
-14.56
-14.56
-14.56
-14.56
-14.56
-14.50
-14.50
-14.50
-14.50
-14.50
-14.50
-14.50
-14.44
-14.44
-14.44
-14.44
-14.44
-14.44
-14.38
-14.38
-14.38
-14.38
-14.38
-14.38
-14.38
-14.31
-14.31
-14.31
-14.31
-14.31
-14.31
-14.31
-14.31
-14.25
-14.25
-14.25
-14.25
-14.25
-14.25
-14.25
-14.19
-14.19
-14.19
-14.19
-14.19
-14.19
-14.19
-14.19
-14.13
-14.13
-14.13
-14.13
-14.13
-14.13
-14.13
-14.13
-14.13
-14.13
-14.06
-14.06
-14.06
-14.06
-14.06
-14.06
-14.00
-14.00
-14.00
-14.00
-14.00
-14.00
-13.94
-14.00
-13.94
-13.94
-13.94
-13.94
-13.94
-13.94
-13.94
-13.88
-13.88
-13.88
-13.88
-13.88
-13.88
-13.88
-13.81
-13.81
-13.81
-13.81
-13.81
-13.81
-13.81
-13.81
-13.75
-13.75
-13.75
-13.75
-13.75
-13.75
-13.75
-13.75
-13.75
-13.75
-13.75
-13.69
-13.69
-13.69
-13.69
-13.69
-13.69
-13.69
-13.69
-13.63
-13.63
-13.63
-13.63
-13.63
-13.63
-13.63
-13.63
-13.63
-13.63
-13.63
-13.56
-13.56
-13.56
-13.56
-13.56
-13.56
-13.56
-13.50
-13.50
-13.50
-13.50
-13.50
-13.50
-13.50
-13.50
-13.50
-13.50
-13.50
-13.50
-13.50
-13.50
-13.44
-13.44
-13.44
-13.44
-13.44
-13.44
-13.44
-13.44
-13.44
-13.44
-13.38
-13.38
-13.38
-13.38
-13.38
-13.38
-13.38
-13.38
-13.38
-13.38
-13.38
-13.38
-13.31
-13.31
-13.31
-13.31
-13.31
-13.31
-13.31
-13.31
-13.31
-13.31
-13.31
-13.25
-13.31
-13.25
-13.25
-13.25
-13.25
-13.25
-13.25
-13.25
-13.25
-13.25
-13.25
-13.25
-13.25
-13.25
-13.25
-13.25
-13.19
-13.19
-13.19
-13.19
-13.19
-13.19
-13.19
-13.19
-13.19
-13.19
-13.19
-13.19
-13.19
-13.19
-13.19
-13.19
-13.13
-13.13
-13.13
-13.13
-13.13
-13.13
-13.13
-13.13
-13.13
-13.13
-13.13
-13.13
-13.13
-13.13
-13.13
-13.13
-13.13
-13.06
-13.06
-13.06
-13.06
-13.06
-13.06
-13.06
-13.06
-13.06
-13.06
-13.06
-13.06
-13.00
-13.00
-13.00
-13.00
-13.00
-13.00
-13.00
-13.00
-13.00
-13.00
-13.00
-13.00
-13.00
-13.00
-13.00
-13.00
-13.00
-12.94
-12.94
-12.94
-12.94
-12.94
-12.94
-12.94
-12.94
-12.94
-12.94
-12.94
-12.94
-12.94
-12.94
-12.94
-12.94
-12.94
-12.94
-12.94
-12.94
-12.94
-12.94
-12.94
-12.88
-12.88
-12.88
-12.88
-12.88
-12.88
-12.88
-12.88
-12.88
-12.88
-12.88
-12.88
-12.88
-12.88
-12.88
-12.88
-12.81
-12.88
-12.81
-12.88
-12.81
-12.81
-12.81
-12.81
-12.81
-12.81
-12.81
-12.81
-12.81
-12.81
-12.81
-12.81
-12.81
-12.81
-12.81
-12.81
-12.81
-12.81
-12.75
-12.75
-12.75
-12.75
-12.75
-12.75
-12.75
-12.75
-12.75
-12.75
-12.75
-12.75
-12.75
-12.75
-12.75
-12.75
-12.75
-12.75
-12.69
-12.75
-12.75
-12.75
-12.69
-12.69
-12.69
-12.69
-12.69
-12.69
-12.69
-12.69
-12.69
-12.69
-12.69
-12.69
-12.69
-12.69
-12.69
-12.69
-12.69
-12.69
-12.63
-12.69
-12.69
-12.63
-12.63
-12.63
-12.63
-12.63
-12.63
-12.63
-12.63
-12.63
-12.63
-12.63
-12.63
-12.63
-12.63
-12.63
-12.63
-12.63
-12.63
-12.63
-12.63
-12.63
-12.63
-12.63
-12.63
-12.56
-12.56
-12.56
-12.56
-12.56
-12.56
-12.56
-12.56
-12.56
-12.56
-12.56
-12.56
-12.56
-12.56
-12.56
-12.56
-12.56
-12.56
-12.50
-12.50
-12.50
-12.50
-12.50
-12.50
-12.50
-12.50
-12.50
-12.50
-12.50
-12.50
-12.50
-12.50
-12.50
-12.50
-12.50
-12.50
-12.44
-12.50
-12.44
-12.44
-12.44
-12.44
-12.44
-12.44
-12.44
-12.44
-12.44
-12.44
-12.44
-12.44
-12.44
-12.44
-12.44
-12.44
-12.44
-12.44
-12.44
-12.38
-12.38
-12.38
-12.38
-12.38
-12.38
-12.38
-12.38
-12.38
-12.38
-12.38
-12.38
-12.38
-12.38
-12.38
-12.38
-12.38
-12.38
-12.38
-12.38
-12.38
-12.38
-12.31
-12.38
-12.38
-12.38
-12.31
-12.31
-12.31
-12.31
-12.31
-12.31
-12.31
-12.31
-12.31
-12.31
-12.31
-12.31
-12.31
-12.31
-12.31
-12.31
-12.25
-12.31
-12.25
-12.31
-12.31
-12.25
-12.25
-12.25
-12.25
-12.25
-12.25
-12.25
-12.25
-12.25
-12.25
-12.25
-12.25
-12.25
-12.25
-12.25
-12.25
-12.25
-12.25
-12.25
-12.25
-12.25
-12.25
-12.25
-12.19
-12.25
-12.19
-12.19
-12.19
-12.19
-12.19
-12.19
-12.19
-12.19
-12.19
-12.19
-12.19
-12.19
-12.19
-12.19
-12.19
-12.19
-12.19
-12.19
-12.19
-12.19
-12.19
-12.13
-12.13
-12.13
-12.13
-12.13
-12.13
-12.13
-12.13
-12.13
-12.13
-12.13
-12.13
-12.13
-12.13
-12.13
-12.13
-12.13
-12.13
-12.13
-12.13
-12.13
-12.13
-12.13
-12.13
-12.13
-12.13
-12.13
-12.13
-12.13
-12.13
-12.13
-12.06
-12.06
-12.06
-12.06
-12.06
-12.06
-12.06
-12.06
-12.06
-12.06
-12.06
-12.06
-12.06
-12.06
-12.06
-12.06
-12.00
-12.06
-12.00
-12.00
-12.00
-12.00
-12.00
-12.00
-12.00
-12.00
-12.00
-12.00
-12.00
-12.00
-12.00
-12.00
-12.00
-12.00
-12.00
-12.00
-12.00
-11.94
-11.94
-12.00
-11.94
-12.00
-11.94
-11.94
-11.94
-11.94
-11.94
-11.94
-11.94
-11.94
-11.94
-11.94
-11.94
-11.94
-11.94
-11.94
-11.94
-11.94
-11.94
-11.94
-11.94
-11.88
-11.88
-11.88
-11.88
-11.88
-11.88
-11.88
-11.88
-11.88
-11.88
-11.88
-11.88
-11.88
-11.88
-11.88
-11.88
-11.88
-11.88
-11.88
-11.81
-11.81
-11.81
-11.81
-11.81
-11.81
-11.81
-11.81
-11.81
-11.81
-11.81
-11.81
-11.81
-11.81
-11.75
-11.81
-11.81
-11.81
-11.81
-11.81
-11.81
-11.75
-11.75
-11.75
-11.75
-11.75
-11.75
-11.75
-11.75
-11.75
-11.75
-11.75
-11.75
-11.75
-11.75
-11.75
-11.75
-11.75
-11.75
-11.75
-11.75
-11.75
-11.75
-11.75
-11.75
-11.75
-11.69
-11.75
-11.69
-11.69
-11.69
-11.69
-11.69
-11.69
-11.69
-11.69
-11.69
-11.69
-11.69
-11.69
-11.69
-11.69
-11.69
-11.69
-11.69
-11.69
-11.69
-11.69
-11.69
-11.69
-11.69
-11.63
-11.63
-11.63
-11.63
-11.63
-11.63
-11.63
-11.63
-11.63
-11.63
-11.63
-11.63
-11.63
-11.63
-11.63
-11.63
-11.63
-11.63
-11.63
-11.63
-11.63
-11.63
-11.56
-11.63
-11.56
-11.63
-11.56
-11.56
-11.56
-11.63
-11.56
-11.56
-11.56
-11.56
-11.56
-11.56
-11.56
-11.56
-11.56
-11.56
-11.56
-11.56
-11.56
-11.56
-11.50
-11.50
-11.50
-11.50
-11.56
-11.50
-11.50
-11.50
-11.50
-11.50
-11.50
-11.50
-11.50
-11.50
-11.50
-11.50
-11.50
-11.50
-11.50
-11.50
-11.50
-11.50
-11.50
-11.50
-11.50
-11.50
-11.44
-11.44
-11.44
-11.44
-11.44
-11.44
-11.44
-11.44
-11.44
-11.44
-11.44
-11.44
-11.44
-11.44
-11.44
-11.44
-11.44
-11.44
-11.44
-11.44
-11.44
-11.44
-11.44
-11.44
-11.44
-11.38
-11.44
-11.38
-11.38
-11.38
-11.38
-11.38
-11.38
-11.38
-11.38
-11.38
-11.38
-11.38
-11.38
-11.38
-11.38
-11.38
-11.38
-11.38
-11.38
-11.38
-11.38
-11.38
-11.38
-11.31
-11.38
-11.31
-11.38
-11.31
-11.31
-11.31
-11.31
-11.31
-11.31
-11.31
-11.31
-11.31
-11.31
-11.31
-11.31
-11.31
-11.31
-11.31
-11.31
-11.31
-11.31
-11.31
-11.31
-11.31
-11.25
-11.25
-11.25
-11.25
-11.25
-11.25
-11.25
-11.25
-11.25
-11.25
-11.25
-11.25
-11.25
-11.25
-11.25
-11.25
-11.25
-11.25
-11.25
-11.25
-11.25
-11.25
-11.19
-11.19
-11.25
-11.19
-11.19
-11.19
-11.19
-11.19
-11.19
-11.19
-11.19
-11.19
-11.19
-11.19
-11.19
-11.19
-11.19
-11.19
-11.19
-11.19
-11.13
-11.13
-11.06
-11.06
-11.00
-11.00
-11.00
-10.94
-10.94
-10.94
-10.88
-10.88
-10.88
-10.81
-10.81
-10.81
-10.81
-10.81
-10.81
-10.81
-10.81
-10.81
-10.75
-10.81
-10.81
-10.81
-10.81
-10.81
-10.81
-10.81
-10.81
-10.88
-10.88
-10.88
-10.88
-10.94
-10.94
-10.94
-11.00
-11.00
-11.00
-11.00
-11.06
-11.06
-11.06
-11.13
-11.13
-11.13
-11.13
-11.19
-11.19
-11.19
-11.25
-11.25
-11.31
-11.31
-11.31
-11.38
-11.38
-11.44
-11.44
-11.44
-11.50
-11.50
-11.56
-11.56
-11.56
-11.63
-11.63
-11.63
-11.69
-11.69
-11.75
-11.75
-11.75
-11.81
-11.81
-11.88
-11.88
-11.94
-11.94
-11.94
-12.00
-12.00
-12.06
-12.06
-12.13
-12.13
-12.13
-12.19
-12.19
-12.25
-12.25
-12.25
-12.31
-12.31
-12.31
-12.31
-12.38
-12.38
-12.44
-12.44
-12.50
-12.50
-12.50
-12.56
-12.56
-12.63
-12.63
-12.63
-12.69
-12.69
-12.75
-12.75
-12.75
-12.81
-12.81
-12.81
-12.88
-12.88
-12.88
-12.94
-12.94
-12.94
-13.00
-13.00
-13.00
-13.06
-13.06
-13.13
-13.13
-13.13
-13.13
-13.19
-13.19
-13.25
-13.25
-13.25
-13.25
-13.31
-13.31
-13.31
-13.38
-13.38
-13.38
-13.38
-13.44
-13.44
-13.44
-13.50
-13.50
-13.56
-13.56
-13.56
-13.63
-13.63
-13.63
-13.69
-13.69
-13.69
-13.69
-13.75
-13.75
-13.75
-13.75
-13.81
-13.81
-13.81
-13.81
-13.81
-13.88
-13.88
-13.94
-13.94
-13.94
-13.94
-13.94
-14.00
-14.00
-14.00
-14.06
-14.06
-14.06
-14.13
-14.13
-14.13
-14.13
-14.13
-14.19
-14.19
-14.19
-14.19
-14.25
-14.25
-14.25
-14.25
-14.25
-14.31
-14.31
-14.31
-14.31
-14.38
-14.38
-14.38
-14.38
-14.44
-14.44
-14.44
-14.44
-14.44
-14.50
-14.50
-14.50
-14.50
-14.56
-14.56
-14.63
-14.63
-14.63
-14.63
-14.63
-14.69
-14.69
-14.69
-14.69
-14.69
-14.69
-14.69
-14.75
-14.75
-14.75
-14.75
-14.81
-14.81
-14.81
-14.81
-14.81
-14.88
-14.88
-14.88
-14.88
-14.94
-14.94
-14.94
-14.94
-14.94
-15.00
-15.00
-15.00
-15.00
-15.00
-15.06
-15.06
-15.06
-15.06
-15.06
-15.13
-15.13
-15.13
-15.13
-15.19
-15.19
-15.19
-15.19
-15.19
-15.25
-15.25
-15.25
-15.25
-15.25
-15.25
-15.25
-15.25
-15.31
-15.31
-15.31
-15.31
-15.31
-15.31
-15.31
-15.31
-15.38
-15.38
-15.38
-15.38
-15.44
-15.44
-15.44
-15.44
-15.44
-15.50
-15.50
-15.50
-15.50
-15.50
-15.50
-15.50
-15.50
-15.50
-15.56
-15.56
-15.56
-15.56
-15.56
-15.63
-15.63
-15.63
-15.63
-15.63
-15.63
-15.63
-15.63
-15.69
-15.69
-15.69
-15.69
-15.69
-15.69
-15.69
-15.75
-15.75
-15.75
-15.75
-15.75
-15.75
-15.75
-15.75
-15.81
-15.81
-15.81
-15.81
-15.81
-15.81
-15.88
-15.88
-15.88
-15.88
-15.88
-15.94
-15.94
-15.94
-15.94
-15.94
-15.94
-16.00
-15.94
-16.00
-16.00
-16.00
-16.00
-16.06
-16.06
-16.06
-16.06
-16.06
-16.06
-16.06
-16.06
-16.12
-16.12
-16.12
-16.12
-16.12
-16.12
-16.12
-16.12
-16.12
-16.12
-16.19
-16.19
-16.19
-16.19
-16.19
-16.25
-16.25
-16.25
-16.25
-16.25
-16.25
-16.25
-16.31
-16.31
-16.31
-16.31
-16.31
-16.31
-16.31
-16.31
-16.31
-16.37
-16.37
-16.37
-16.37
-16.37
-16.37
-16.37
-16.37
-16.44
-16.44
-16.44
-16.44
-16.44
-16.44
-16.44
-16.44
-16.44
-16.44
-16.44
-16.50
-16.50
-16.50
-16.50
-16.50
-16.50
-16.50
-16.56
-16.56
-16.56
-16.56
-16.56
-16.56
-16.62
-16.62
-16.62
-16.62
-16.62
-16.62
-16.62
-16.62
-16.62
-16.62
-16.62
-16.69
-16.69
-16.69
-16.69
-16.69
-16.69
-16.69
-16.75
-16.75
-16.75
-16.75
-16.75
-16.75
-16.75
-16.75
-16.75
-16.75
-16.75
-16.75
-16.75
-16.75
-16.75
-16.75
-16.75
-16.75
-16.81
-16.81
-16.81
-16.81
-16.81
-16.81
-16.81
-16.81
-16.81
-16.81
-16.87
-16.87
-16.87
-16.87
-16.87
-16.87
-16.87
-16.87
-16.87
-16.87
-16.94
-16.94
-16.94
-16.94
-16.94
-16.94
-16.94
-16.94
-16.94
-16.94
-16.94
-16.94
-17.00
-17.00
-17.00
-17.00
-17.00
-17.00
-17.00
-17.00
-17.00
-17.06
-17.06
-17.06
-17.06
-17.06
-17.06
-17.12
-17.12
-17.12
-17.12
-17.12
-17.12
-17.12
-17.06
-17.06
-17.06
-17.06
-17.06
-17.06
-17.06
-17.00
-17.00
-17.00
-17.00
-17.00
-17.00
-17.00
-17.00
-16.94
-16.94
-16.94
-16.87
-16.87
-16.87
-16.87
-16.87
-16.81
-16.81
-16.81
-16.81
-16.81
-16.75
-16.75
-16.75
-16.75
-16.69
-16.69
-16.69
-16.69
-16.69
-16.62
-16.62
-16.62
-16.62
-16.62
-16.56
-16.56
-16.56
-16.50
-16.50
-16.50
-16.50
-16.44
-16.44
-16.44
-16.44
-16.37
-16.37
-16.37
-16.31
-16.31
-16.31
-16.25
-16.25
-16.25
-16.25
-16.19
-16.19
-16.12
-16.12
-16.12
-16.12
-16.06
-16.06
-16.00
-16.00
-16.00
-15.94
-15.94
-15.88
-15.88
-15.88
-15.81
-15.81
-15.75
-15.75
-15.75
-15.75
-15.69
-15.69
-15.69
-15.63
-15.63
-15.63
-15.56
-15.56
-15.56
-15.50
-15.50
-15.50
-15.50
-15.44
-15.44
-15.44
-15.38
-15.38
-15.38
-15.38
-15.31
-15.31
-15.31
-15.31
-15.25
-15.25
-15.25
-15.25
-15.19
-15.19
-15.19
-15.13
-15.13
-15.13
-15.13
-15.06
-15.06
-15.06
-15.06
-15.00
-15.00
-15.00
-15.00
-14.94
-14.94
-14.94
-14.94
-14.88
-14.88
-14.88
-14.88
-14.81
-14.81
-14.81
-14.81
-14.75
-14.75
-14.75
-14.75
-14.75
-14.69
-14.69
-14.69
-14.63
-14.63
-14.63
-14.63
-14.63
-14.56
-14.56
-14.56
-14.56
-14.56
-14.50
-14.50
-14.50
-14.50
-14.50
-14.50
-14.44
-14.44
-14.44
-14.44
-14.44
-14.44
-14.38
-14.38
-14.38
-14.38
-14.38
-14.38
-14.38
-14.38
-14.31
-14.31
-14.31
-14.31
-14.31
-14.31
-14.31
-14.25
-14.25
-14.25
-14.25
-14.25
-14.25
-14.25
-14.19
-14.19
-14.19
-14.19
-14.19
-14.19
-14.19
-14.19
-14.13
-14.13
-14.13
-14.13
-14.13
-14.13
-14.13
-14.13
-14.06
-14.06
-14.06
-14.06
-14.06
-14.06
-14.06
-14.00
-14.00
-14.00
-14.00
-14.00
-14.00
-14.00
-14.00
-13.94
-13.94
-13.94
-13.94
-13.94
-13.94
-13.94
-13.94
-13.88
-13.88
-13.88
-13.88
-13.88
-13.88
-13.88
-13.88
-13.81
-13.81
-13.81
-13.81
-13.81
-13.81
-13.81
-13.75
-13.81
-13.75
-13.75
-13.75
-13.75
-13.75
-13.75
-13.75
-13.69
-13.69
-13.69
-13.69
-13.69
-13.69
-13.69
-13.69
-13.69
-13.63
-13.63
-13.63
-13.63
-13.63
-13.63
-13.63
-13.63
-13.63
-13.63
-13.63
-13.56
-13.56
-13.56
-13.56
-13.56
-13.56
-13.56
-13.56
-13.56
-13.50
-13.50
-13.50
-13.50
-13.50
-13.50
-13.50
-13.50
-13.50
-13.50
-13.50
-13.44
-13.44
-13.44
-13.44
-13.44
-13.44
-13.44
-13.44
-13.44
-13.44
-13.44
-13.38
-13.38
-13.38
-13.38
-13.38
-13.38
-13.38
-13.38
-13.38
-13.38
-13.38
-13.38
-13.31
-13.31
-13.31
-13.31
-13.31
-13.31
-13.31
-13.31
-13.31
-13.31
-13.31
-13.31
-13.31
-13.31
-13.25
-13.25
-13.25
-13.25
-13.25
-13.25
-13.25
-13.25
-13.25
-13.25
-13.25
-13.25
-13.19
-13.19
-13.19
-13.19
-13.19
-13.19
-13.19
-13.19
-13.19
-13.19
-13.19
-13.19
-13.13
-13.13
-13.19
-13.13
-13.13
-13.13
-13.13
-13.13
-13.13
-13.13
-13.13
-13.13
-13.13
-13.13
-13.13
-13.13
-13.13
-13.13
-13.13
-13.06
-13.06
-13.06
-13.06
-13.06
-13.06
-13.06
-13.06
-13.06
-13.06
-13.06
-13.06
-13.06
-13.00
-13.00
-13.00
-13.00
-13.00
-13.00
-13.00
-13.00
-13.00
-13.00
-13.00
-13.00
-13.00
-13.00
-13.00
-12.94
-12.94
-12.94
-12.94
-12.94
-12.94
-12.94
-12.94
-12.94
-12.94
-12.94
-12.94
-12.94
-12.94
-12.94
-12.94
-12.94
-12.94
-12.94
-12.88
-12.94
-12.88
-12.88
-12.88
-12.88
-12.88
-12.88
-12.88
-12.88
-12.88
-12.88
-12.88
-12.88
-12.88
-12.88
-12.88
-12.88
-12.81
-12.81
-12.81
-12.81
-12.81
-12.81
-12.81
-12.81
-12.81
-12.81
-12.81
-12.81
-12.81
-12.81
-12.81
-12.81
-12.81
-12.81
-12.81
-12.81
-12.75
-12.75
-12.75
-12.75
-12.75
-12.75
-12.75
-12.75
-12.75
-12.75
-12.75
-12.75
-12.75
-12.75
-12.75
-12.75
-12.75
-12.75
-12.75
-12.75
-12.75
-12.69
-12.75
-12.75
-12.69
-12.69
-12.69
-12.69
-12.69
-12.69
-12.69
-12.69
-12.69
-12.69
-12.69
-12.69
-12.69
-12.69
-12.69
-12.69
-12.69
-12.69
-12.69
-12.63
-12.63
-12.63
-12.63
-12.63
-12.63
-12.63
-12.63
-12.63
-12.63
-12.63
-12.63
-12.63
-12.63
-12.63
-12.63
-12.63
-12.63
-12.63
-12.63
-12.63
-12.63
-12.56
-12.56
-12.56
-12.56
-12.56
-12.56
-12.56
-12.56
-12.56
-12.56
-12.56
-12.56
-12.56
-12.56
-12.56
-12.56
-12.56
-12.56
-12.50
-12.50
-12.56
-12.50
-12.50
-12.50
-12.50
-12.50
-12.50
-12.50
-12.50
-12.50
-12.50
-12.50
-12.50
-12.50
-12.50
-12.50
-12.50
-12.50
-12.50
-12.44
-12.44
-12.44
-12.44
-12.44
-12.44
-12.44
-12.44
-12.44
-12.44
-12.44
-12.44
-12.44
-12.44
-12.44
-12.44
-12.44
-12.44
-12.44
-12.44
-12.44
-12.44
-12.44
-12.44
-12.44
-12.44
-12.44
-12.44
-12.38
-12.38
-12.38
-12.38
-12.38
-12.38
-12.38
-12.38
-12.38
-12.38
-12.38
-12.38
-12.38
-12.38
-12.31
-12.38
-12.31
-12.38
-12.38
-12.31
-12.31
-12.31
-12.31
-12.31
-12.31
-12.31
-12.31
-12.31
-12.31
-12.31
-12.31
-12.31
-12.31
-12.31
-12.31
-12.31
-12.31
-12.31
-12.31
-12.31
-12.25
-12.25
-12.25
-12.25
-12.25
-12.25
-12.25
-12.25
-12.25
-12.25
-12.25
-12.25
-12.25
-12.25
-12.25
-12.25
-12.25
-12.25
-12.25
-12.25
-12.25
-12.25
-12.25
-12.25
-12.25
-12.25
-12.25
-12.25
-12.19
-12.25
-12.19
-12.19
-12.19
-12.19
-12.19
-12.19
-12.19
-12.19
-12.19
-12.19
-12.19
-12.19
-12.19
-12.19
-12.19
-12.13
-12.13
-12.19
-12.13
-12.13
-12.13
-12.13
-12.13
-12.13
-12.13
-12.13
-12.13
-12.13
-12.13
-12.13
-12.13
-12.13
-12.13
-12.13
-12.13
-12.13
-12.13
-12.13
-12.13
-12.13
-12.13
-12.13
-12.13
-12.13
-12.13
-12.13
-12.13
-12.06
-12.06
-12.06
-12.06
-12.06
-12.06
-12.06
-12.06
-12.06
-12.06
-12.06
-12.06
-12.06
-12.06
-12.00
-12.06
-12.06
-12.00
-12.00
-12.00
-12.00
-12.00
-12.00
-12.00
-12.00
-12.00
-12.00
-12.00
-12.00
-12.00
-12.00
-12.00
-12.00
-12.00
-12.00
-12.00
-11.94
-12.00
-11.94
-11.94
-11.94
-11.94
-11.94
-11.94
-11.94
-11.94
-11.94
-11.94
-11.94
-11.94
-11.94
-11.94
-11.94
-11.94
-11.94
-11.94
-11.94
-11.94
-11.94
-11.88
-11.88
-11.88
-11.94
-11.88
-11.88
-11.88
-11.88
-11.88
-11.88
-11.88
-11.88
-11.88
-11.88
-11.88
-11.88
-11.88
-11.88
-11.88
-11.88
-11.88
-11.88
-11.81
-11.88
-11.81
-11.81
-11.81
-11.81
-11.81
-11.81
-11.81
-11.81
-11.81
-11.81
-11.81
-11.81
-11.81
-11.81
-11.81
-11.81
-11.81
-11.81
-11.75
-11.81
-11.75
-11.75
-11.81
-11.75
-11.75
-11.75
-11.75
-11.75
-11.75
-11.75
-11.75
-11.75
-11.75
-11.75
-11.75
-11.75
-11.75
-11.75
-11.75
-11.75
-11.75
-11.75
-11.75
-11.75
-11.69
-11.75
-11.69
-11.75
-11.69
-11.69
-11.69
-11.69
-11.69
-11.69
-11.69
-11.69
-11.69
-11.69
-11.69
-11.69
-11.69
-11.69
-11.69
-11.69
-11.69
-11.69
-11.69
-11.63
-11.63
-11.63
-11.63
-11.63
-11.63
-11.63
-11.63
-11.63
-11.63
-11.63
-11.63
-11.63
-11.63
-11.63
-11.63
-11.63
-11.63
-11.63
-11.63
-11.63
-11.63
-11.63
-11.63
-11.56
-11.56
-11.56
-11.56
-11.56
-11.56
-11.56
-11.56
-11.56
-11.56
-11.56
-11.56
-11.56
-11.56
-11.56
-11.56
-11.56
-11.56
-11.56
-11.56
-11.56
-11.56
-11.56
-11.50
-11.50
-11.50
-11.50
-11.50
-11.50
-11.50
-11.50
-11.50
-11.50
-11.50
-11.50
-11.50
-11.50
-11.50
-11.50
-11.50
-11.44
-11.50
-11.50
-11.50
-11.50
-11.50
-11.44
-11.44
-11.44
-11.44
-11.44
-11.44
-11.44
-11.44
-11.44
-11.44
-11.44
-11.44
-11.44
-11.44
-11.44
-11.44
-11.44
-11.44
-11.44
-11.44
-11.44
-11.38
-11.38
-11.38
-11.38
-11.38
-11.38
-11.38
-11.38
-11.38
-11.38
-11.38
-11.38
-11.38
-11.38
-11.38
-11.38
-11.38
-11.38
-11.38
-11.38
-11.38
-11.38
-11.38
-11.38
-11.38
-11.38
-11.38
-11.38
-11.38
-11.31
-11.38
-11.31
-11.31
-11.38
-11.31
-11.31
-11.31
-11.31
-11.31
-11.31
-11.31
-11.31
-11.31
-11.31
-11.31
-11.31
-11.31
-11.31
-11.31
-11.31
-11.25
-11.31
-11.25
-11.25
-11.25
-11.25
-11.25
-11.25
-11.25
-11.25
-11.25
-11.25
-11.25
-11.25
-11.25
-11.25
-11.25
-11.25
-11.25
-11.25
-11.25
-11.25
-11.25
-11.25
-11.25
-11.25
-11.25
-11.25
-11.25
-11.25
-11.25
-11.25
-11.25
-11.25
-11.25
-11.25
-11.25
-11.25
-11.19
-11.19
-11.19
-11.25
-11.19
-11.19
-11.19
-11.19
-11.19
-11.19
-11.19
-11.19
-11.19
-11.19
-11.19
-11.19
-11.19
-11.19
-11.19
-11.19
-11.13
-11.13
-11.13
-11.13
-11.13
-11.13
-11.13
-11.13
-11.13
-11.13
-11.13
-11.13
-11.13
-11.13
-11.13
-11.13
-11.13
-11.13
-11.13
-11.13
-11.13
-11.13
-11.13
-11.13
-11.13
-11.06
-11.06
-11.06
-11.00
-11.00
-10.94
-10.94
-10.94
-10.88
-10.88
-10.81
-10.81
-10.81
-10.81
-10.75
-10.75
-10.75
-10.75
-10.75
-10.75
-10.75
-10.75
-10.75
-10.69
-10.75
-10.69
-10.69
-10.75
-10.69
-10.75
-10.75
-10.75
-10.75
-10.75
-10.75
-10.75
-10.75
-10.81
-10.81
-10.81
-10.81
-10.88
-10.88
-10.88
-10.94
-10.94
-10.94
-11.00
-11.00
-11.06
-11.06
-11.06
-11.13
-11.13
-11.13
-11.19
-11.19
-11.19
-11.19
-11.25
-11.25
-11.25
-11.31
-11.31
-11.38
-11.38
-11.38
-11.44
-11.44
-11.50
-11.50
-11.56
-11.56
-11.63
-11.63
-11.63
-11.69
-11.69
-11.69
-11.75
-11.75
-11.81
-11.81
-11.88
-11.88
-11.88
-11.94
-11.94
-12.00
-12.00
-12.00
-12.06
-12.06
-12.06
-12.13
-12.13
-12.19
-12.19
-12.19
-12.25
-12.25
-12.25
-12.31
-12.31
-12.31
-12.38
-12.38
-12.44
-12.44
-12.44
-12.50
-12.50
-12.50
-12.50
-12.56
-12.56
-12.63
-12.63
-12.69
-12.69
-12.69
-12.75
-12.75
-12.75
-12.81
-12.81
-12.81
-12.81
-12.88
-12.88
-12.94
-12.94
-13.00
-13.00
-13.00
-13.06
-13.06
-13.06
-13.06
-13.13
-13.13
-13.13
-13.19
-13.19
-13.19
-13.25
-13.25
-13.25
-13.25
-13.31
-13.31
-13.38
-13.38
-13.38
-13.44
-13.44
-13.44
-13.50
-13.50
-13.50
-13.50
-13.56
-13.56
-13.63
-13.63
-13.63
-13.63
-13.63
-13.63
-13.69
-13.69
-13.69
-13.75
-13.75
-13.75
-13.75
-13.81
-13.81
-13.81
-13.88
-13.88
-13.88
-13.88
-13.88
-13.88
-13.94
-13.94
-13.94
-14.00
-14.00
-14.00
-14.00
-14.00
-14.06
-14.06
-14.06
-14.13
-14.13
-14.13
-14.13
-14.19
-14.19
-14.19
-14.25
-14.25
-14.25
-14.25
-14.25
-14.31
-14.31
-14.31
-14.31
-14.31
-14.38
-14.38
-14.44
-14.44
-14.44
-14.44
-14.44
-14.44
-14.50
-14.50
-14.50
-14.56
-14.56
-14.56
-14.56
-14.56
-14.63
-14.63
-14.63
-14.63
-14.63
-14.69
-14.69
-14.69
-14.69
-14.69
-14.75
-14.75
-14.75
-14.75
-14.75
-14.75
-14.81
-14.81
-14.81
-14.81
-14.81
-14.88
-14.88
-14.88
-14.88
-14.94
-14.94
-14.94
-14.94
-15.00
-15.00
-15.00
-15.00
-15.00
-15.00
-15.06
-15.06
-15.06
-15.06
-15.06
-15.13
-15.13
-15.13
-15.13
-15.13
-15.13
-15.19
-15.19
-15.19
-15.19
-15.19
-15.19
-15.19
-15.25
-15.25
-15.25
-15.31
-15.25
-15.31
-15.31
-15.31
-15.31
-15.31
-15.31
-15.38
-15.38
-15.38
-15.38
-15.38
-15.38
-15.38
-15.38
-15.44
-15.44
-15.44
-15.44
-15.44
-15.44
-15.50
-15.50
-15.50
-15.50
-15.50
-15.50
-15.50
-15.50
-15.50
-15.56
-15.50
-15.56
-15.56
-15.63
-15.63
-15.63
-15.63
-15.63
-15.63
-15.69
-15.69
-15.69
-15.69
-15.69
-15.69
-15.69
-15.75
-15.75
-15.75
-15.75
-15.75
-15.75
-15.75
-15.81
-15.81
-15.81
-15.81
-15.81
-15.88
-15.88
-15.88
-15.88
-15.88
-15.94
-15.94
-15.94
-15.94
-15.94
-15.94
-16.00
-16.00
-16.00
-16.00
-16.00
-16.00
-16.00
-16.00
-16.00
-16.06
-16.00
-16.06
-16.06
-16.06
-16.06
-16.06
-16.06
-16.12
-16.12
-16.12
-16.12
-16.12
-16.12
-16.12
-16.12
-16.19
-16.19
-16.19
-16.19
-16.19
-16.19
-16.25
-16.25
-16.25
-16.25
-16.25
-16.25
-16.25
-16.25
-16.25
-16.31
-16.31
-16.31
-16.31
-16.31
-16.31
-16.31
-16.31
-16.31
-16.31
-16.37
-16.37
-16.37
-16.37
-16.37
-16.37
-16.44
-16.44
-16.44
-16.44
-16.44
-16.44
-16.44
-16.44
-16.44
-16.44
-16.44
-16.50
-16.50
-16.50
-16.50
-16.50
-16.50
-16.50
-16.50
-16.50
-16.56
-16.56
-16.56
-16.56
-16.56
-16.62
-16.62
-16.62
-16.62
-16.62
-16.62
-16.62
-16.62
-16.69
-16.62
-16.62
-16.69
-16.69
-16.62
-16.69
-16.69
-16.69
-16.69
-16.69
-16.69
-16.69
-16.69
-16.69
-16.69
-16.69
-16.69
-16.69
-16.75
-16.75
-16.75
-16.75
-16.75
-16.75
-16.75
-16.81
-16.81
-16.81
-16.81
-16.81
-16.81
-16.81
-16.81
-16.81
-16.81
-16.81
-16.81
-16.81
-16.87
-16.87
-16.87
-16.87
-16.87
-16.87
-16.87
-16.87
-16.87
-16.87
-16.87
-16.87
-16.94
-16.94
-16.94
-16.94
-16.94
-16.94
-16.94
-16.94
-16.94
-17.00
-17.00
-17.00
-17.00
-17.00
-17.00
-17.00
-17.00
-17.00
-17.00
-17.06
-17.06
-17.06
-17.06
-17.06
-17.06
-17.06
-17.06
-17.06
-17.06
-17.06
-17.06
-17.06
-17.06
-17.06
-17.06
-17.06
-17.06
-17.06
-17.06
-17.06
-17.00
-17.00
-17.00
-17.00
-16.94
-16.94
-16.94
-16.94
-16.94
-16.94
-16.87
-16.87
-16.87
-16.87
-16.87
-16.81
-16.81
-16.81
-16.81
-16.75
-16.75
-16.75
-16.75
-16.69
-16.69
-16.69
-16.69
-16.69
-16.62
-16.62
-16.62
-16.62
-16.56
-16.56
-16.56
-16.50
-16.50
-16.50
-16.50
-16.50
-16.44
-16.44
-16.37
-16.44
-16.37
-16.37
-16.31
-16.31
-16.31
-16.31
-16.25
-16.25
-16.25
-16.19
-16.19
-16.19
-16.19
-16.12
-16.12
-16.12
-16.06
-16.06
-16.00
-16.00
-15.94
-15.94
-15.94
-15.88
-15.88
-15.81
-15.81
-15.81
-15.75
-15.75
-15.69
-15.69
-15.69
-15.69
-15.63
-15.63
-15.63
-15.56
-15.56
-15.56
-15.50
-15.50
-15.50
-15.44
-15.44
-15.44
-15.38
-15.38
-15.38
-15.38
-15.31
-15.31
-15.31
-15.31
-15.25
-15.25
-15.25
-15.25
-15.19
-15.19
-15.19
-15.19
-15.13
-15.13
-15.13
-15.06
-15.06
-15.06
-15.00
-15.00
-15.00
-15.00
-14.94
-14.94
-14.94
-14.94
-14.94
-14.88
-14.88
-14.88
-14.81
-14.81
-14.81
-14.81
-14.75
-14.75
-14.75
-14.75
-14.69
-14.69
-14.69
-14.69
-14.63
-14.63
-14.63
-14.63
-14.56
-14.56
-14.56
-14.56
-14.50
-14.50
-14.50
-14.50
-14.50
-14.44
-14.44
-14.44
-14.44
-14.44
-14.44
-14.44
-14.38
-14.38
-14.38
-14.38
-14.38
-14.31
-14.31
-14.31
-14.31
-14.31
-14.31
-14.31
-14.25
-14.25
-14.25
-14.25
-14.25
-14.25
-14.25
-14.25
-14.19
-14.19
-14.19
-14.19
-14.19
-14.19
-14.19
-14.19
-14.13
-14.13
-14.13
-14.13
-14.13
-14.13
-14.13
-14.13
-14.13
-14.06
-14.06
-14.06
-14.06
-14.06
-14.06
-14.06
-14.00
-14.00
-14.00
-14.00
-14.00
-14.00
-14.00
-13.94
-13.94
-13.94
-13.94
-13.94
-13.94
-13.94
-13.94
-13.88
-13.88
-13.88
-13.88
-13.88
-13.88
-13.88
-13.88
-13.81
-13.81
-13.81
-13.81
-13.81
-13.81
-13.81
-13.75
-13.75
-13.75
-13.75
-13.75
-13.75
-13.75
-13.75
-13.69
-13.69
-13.69
-13.69
-13.69
-13.69
-13.69
-13.69
-13.69
-13.69
-13.63
-13.63
-13.63
-13.63
-13.63
-13.63
-13.63
-13.63
-13.56
-13.56
-13.56
-13.56
-13.56
-13.56
-13.56
-13.56
-13.56
-13.56
-13.50
-13.50
-13.50
-13.50
-13.50
-13.50
-13.50
-13.50
-13.50
-13.44
-13.50
-13.44
-13.44
-13.44
-13.44
-13.44
-13.44
-13.44
-13.44
-13.44
-13.44
-13.44
-13.44
-13.38
-13.38
-13.38
-13.38
-13.38
-13.38
-13.38
-13.38
-13.38
-13.31
-13.31
-13.38
-13.31
-13.31
-13.31
-13.31
-13.31
-13.31
-13.31
-13.31
-13.31
-13.31
-13.25
-13.31
-13.25
-13.25
-13.25
-13.25
-13.25
-13.25
-13.25
-13.25
-13.25
-13.25
-13.25
-13.25
-13.25
-13.19
-13.19
-13.19
-13.19
-13.19
-13.19
-13.19
-13.19
-13.19
-13.19
-13.19
-13.19
-13.19
-13.13
-13.13
-13.13
-13.13
-13.13
-13.13
-13.13
-13.13
-13.13
-13.13
-13.13
-13.13
-13.13
-13.06
-13.06
-13.06
-13.06
-13.06
-13.06
-13.06
-13.06
-13.06
-13.06
-13.06
-13.06
-13.06
-13.06
-13.06
-13.00
-13.00
-13.00
-13.00
-13.00
-13.00
-13.00
-13.00
-13.00
-13.00
-13.00
-13.00
-13.00
-13.00
-13.00
-13.00
-13.00
-12.94
-12.94
-12.94
-12.94
-12.94
-12.94
-12.94
-12.94
-12.94
-12.94
-12.94
-12.94
-12.94
-12.94
-12.94
-12.94
-12.94
-12.88
-12.94
-12.88
-12.88
-12.88
-12.88
-12.88
-12.88
-12.88
-12.88
-12.88
-12.88
-12.88
-12.88
-12.88
-12.88
-12.88
-12.88
-12.88
-12.81
-12.81
-12.81
-12.81
-12.81
-12.81
-12.81
-12.81
-12.81
-12.81
-12.81
-12.81
-12.81
-12.81
-12.75
-12.81
-12.81
-12.75
-12.81
-12.75
-12.75
-12.75
-12.75
-12.75
-12.75
-12.75
-12.75
-12.75
-12.75
-12.75
-12.75
-12.75
-12.69
-12.75
-12.75
-12.69
-12.75
-12.69
-12.69
-12.69
-12.69
-12.69
-12.69
-12.69
-12.69
-12.69
-12.69
-12.69
-12.69
-12.69
-12.69
-12.69
-12.69
-12.69
-12.69
-12.69
-12.69
-12.63
-12.63
-12.63
-12.63
-12.63
-12.63
-12.63
-12.63
-12.63
-12.63
-12.63
-12.63
-12.63
-12.63
-12.63
-12.63
-12.63
-12.63
-12.63
-12.63
-12.63
-12.56
-12.56
-12.63
-12.63
-12.63
-12.56
-12.56
-12.56
-12.56
-12.56
-12.56
-12.56
-12.56
-12.56
-12.56
-12.56
-12.56
-12.56
-12.56
-12.50
-12.56
-12.56
-12.50
-12.56
-12.50
-12.56
-12.50
-12.50
-12.50
-12.50
-12.50
-12.50
-12.50
-12.50
-12.50
-12.50
-12.50
-12.50
-12.50
-12.50
-12.50
-12.50
-12.44
-12.50
-12.50
-12.44
-12.44
-12.44
-12.44
-12.44
-12.44
-12.44
-12.44
-12.44
-12.44
-12.44
-12.44
-12.44
-12.44
-12.44
-12.44
-12.44
-12.44
-12.44
-12.38
-12.44
-12.44
-12.44
-12.38
-12.38
-12.38
-12.38
-12.38
-12.38
-12.38
-12.38
-12.38
-12.38
-12.38
-12.38
-12.38
-12.38
-12.38
-12.38
-12.38
-12.38
-12.38
-12.38
-12.38
-12.31
-12.31
-12.38
-12.31
-12.31
-12.31
-12.31
-12.31
-12.31
-12.31
-12.31
-12.31
-12.31
-12.31
-12.31
-12.31
-12.31
-12.31
-12.31
-12.31
-12.31
-12.31
-12.25
-12.25
-12.25
-12.25
-12.25
-12.25
-12.25
-12.25
-12.25
-12.25
-12.25
-12.25
-12.25
-12.25
-12.25
-12.25
-12.25
-12.25
-12.25
-12.25
-12.19
-12.19
-12.19
-12.19
-12.19
-12.19
-12.19
-12.19
-12.19
-12.19
-12.19
-12.19
-12.19
-12.19
-12.19
-12.19
-12.19
-12.19
-12.19
-12.19
-12.19
-12.19
-12.19
-12.19
-12.13
-12.19
-12.13
-12.13
-12.13
-12.13
-12.13
-12.13
-12.13
-12.13
-12.13
-12.13
-12.13
-12.13
-12.13
-12.13
-12.13
-12.13
-12.13
-12.13
-12.13
-12.13
-12.13
-12.13
-12.13
-12.06
-12.06
-12.06
-12.06
-12.06
-12.06
-12.06
-12.06
-12.06
-12.06
-12.06
-12.06
-12.06
-12.06
-12.06
-12.06
-12.06
-12.00
-12.06
-12.06
-12.00
-12.00
-12.00
-12.00
-12.00
-12.00
-12.00
-12.00
-12.00
-12.00
-12.00
-12.00
-12.00
-12.00
-12.00
-12.00
-12.00
-12.00
-11.94
-12.00
-12.00
-11.94
-11.94
-11.94
-11.94
-11.94
-11.94
-11.94
-11.94
-11.94
-11.94
-11.94
-11.94
-11.94
-11.94
-11.94
-11.94
-11.94
-11.88
-11.88
-11.94
-11.88
-11.94
-11.94
-11.88
-11.88
-11.88
-11.88
-11.88
-11.88
-11.88
-11.88
-11.88
-11.88
-11.88
-11.88
-11.88
-11.88
-11.88
-11.88
-11.88
-11.88
-11.88
-11.88
-11.81
-11.81
-11.81
-11.81
-11.88
-11.81
-11.81
-11.81
-11.81
-11.81
-11.81
-11.81
-11.81
-11.81
-11.81
-11.81
-11.81
-11.81
-11.81
-11.81
-11.81
-11.81
-11.81
-11.81
-11.81
-11.75
-11.81
-11.75
-11.75
-11.75
-11.75
-11.75
-11.75
-11.75
-11.75
-11.75
-11.75
-11.75
-11.75
-11.75
-11.75
-11.75
-11.69
-11.69
-11.69
-11.69
-11.69
-11.75
-11.69
-11.69
-11.69
-11.69
-11.69
-11.69
-11.69
-11.69
-11.69
-11.69
-11.69
-11.69
-11.69
-11.69
-11.69
-11.69
-11.63
-11.69
-11.69
-11.63
-11.63
-11.63
-11.63
-11.63
-11.63
-11.63
-11.63
-11.63
-11.63
-11.63
-11.63
-11.63
-11.63
-11.63
-11.63
-11.63
-11.63
-11.63
-11.63
-11.63
-11.63
-11.63
-11.56
-11.56
-11.63
-11.63
-11.56
-11.56
-11.56
-11.56
-11.56
-11.56
-11.56
-11.56
-11.56
-11.56
-11.56
-11.56
-11.56
-11.56
-11.56
-11.56
-11.56
-11.50
-11.50
-11.50
-11.50
-11.50
-11.50
-11.50
-11.50
-11.50
-11.50
-11.50
-11.50
-11.50
-11.50
-11.50
-11.50
-11.50
-11.50
-11.50
-11.50
-11.50
-11.50
-11.50
-11.50
-11.50
-11.50
-11.50
-11.44
-11.44
-11.44
-11.44
-11.44
-11.44
-11.44
-11.44
-11.44
-11.44
-11.44
-11.44
-11.44
-11.44
-11.44
-11.44
-11.44
-11.44
-11.38
-11.38
-11.38
-11.44
-11.38
-11.38
-11.38
-11.38
-11.38
-11.38
-11.38
-11.38
-11.38
-11.38
-11.38
-11.38
-11.38
-11.38
-11.38
-11.38
-11.38
-11.38
-11.38
-11.38
-11.31
-11.38
-11.38
-11.31
-11.31
-11.31
-11.31
-11.31
-11.31
-11.31
-11.31
-11.31
-11.31
-11.31
-11.31
-11.31
-11.31
-11.31
-11.31
-11.31
-11.31
-11.31
-11.31
-11.31
-11.31
-11.31
-11.31
-11.31
-11.25
-11.25
-11.25
-11.31
-11.25
-11.25
-11.25
-11.25
-11.25
-11.25
-11.25
-11.25
-11.25
-11.25
-11.25
-11.25
-11.25
-11.25
-11.25
-11.25
-11.25
-11.25
-11.25
-11.25
-11.25
-11.25
-11.25
-11.19
-11.19
-11.19
-11.19
-11.19
-11.19
-11.19
-11.19
-11.19
-11.19
-11.19
-11.19
-11.19
-11.19
-11.19
-11.19
-11.19
-11.19
-11.19
-11.19
-11.19
-11.13
-11.13
-11.19
-11.13
-11.13
-11.13
-11.13
-11.13
-11.13
-11.13
-11.13
-11.13
-11.13
-11.13
-11.13
-11.13
-11.13
-11.13
-11.13
-11.13
-11.13
-11.13
-11.13
-11.13
-11.13
-11.13
-11.13
-11.13
-11.13
-11.13
-11.06
-11.06
-11.06
-11.13
-11.06
-11.00
-11.00
-11.00
-10.94
-10.88
-10.88
-10.88
-10.81
-10.81
-10.81
-10.81
-10.75
-10.75
-10.75
-10.75
-10.69
-10.69
-10.69
-10.69
-10.69
-10.69
-10.69
-10.69
-10.69
-10.69
-10.69
-10.69
-10.69
-10.69
-10.69
-10.69
-10.75
-10.75
-10.75
-10.75
-10.75
-10.81
-10.81
-10.81
-10.81
-10.88
-10.88
-10.88
-10.94
-10.94
-10.94
-10.94
-11.00
-11.00
-11.06
-11.06
-11.13
-11.13
-11.13
-11.13
-11.19
-11.19
-11.19
-11.25
-11.25
-11.31
-11.31
-11.31
-11.38
-11.38
-11.44
-11.44
-11.44
-11.50
-11.50
-11.56
-11.56
-11.63
-11.63
-11.69
-11.69
-11.69
-11.75
-11.75
-11.81
-11.81
-11.81
-11.81
-11.88
-11.88
-11.94
-11.94
-11.94
-12.00
-12.00
-12.06
-12.06
-12.13
-12.13
-12.13
-12.19
-12.19
-12.25
-12.25
-12.25
-12.31
-12.31
-12.38
-12.38
-12.38
-12.44
-12.44
-12.44
-12.50
-12.50
-12.50
-12.56
-12.56
-12.56
-12.63
-12.63
-12.69
-12.69
-12.69
-12.75
-12.75
-12.75
-12.81
-12.81
-12.88
-12.88
-12.88
-12.94
-12.94
-13.00
-13.00
-13.00
-13.00
-13.06
-13.06
-13.13
-13.13
-13.13
-13.19
-13.19
-13.19
-13.25
-13.25
-13.25
-13.31
-13.31
-13.31
-13.38
-13.38
-13.38
-13.38
-13.44
-13.44
-13.44
-13.50
-13.50
-13.50
-13.56
-13.56
-13.63
-13.63
-13.63
-13.63
-13.63
-13.69
-13.69
-13.69
-13.69
-13.75
-13.75
-13.75
-13.75
-13.81
-13.81
-13.81
-13.81
-13.88
-13.88
-13.88
-13.94
-13.94
-13.94
-13.94
-13.94
-14.00
-14.00
-14.00
-14.00
-14.06
-14.06
-14.13
-14.13
-14.13
-14.13
-14.19
-14.19
-14.19
-14.25
-14.25
-14.25
-14.25
-14.25
-14.25
-14.31
-14.31
-14.31
-14.31
-14.38
-14.38
-14.38
-14.38
-14.44
-14.44
-14.44
-14.44
-14.50
-14.50
-14.50
-14.50
-14.56
-14.56
-14.56
-14.63
-14.63
-14.63
-14.63
-14.69
-14.69
-14.69
-14.69
-14.69
-14.69
-14.69
-14.75
-14.75
-14.75
-14.75
-14.75
-14.75
-14.81
-14.81
-14.81
-14.81
-14.81
-14.81
-14.88
-14.88
-14.88
-14.88
-14.94
-14.94
-14.94
-14.94
-14.94
-15.00
-15.00
-15.00
-15.00
-15.06
-15.06
-15.06
-15.06
-15.06
-15.13
-15.13
-15.13
-15.13
-15.13
-15.19
-15.19
-15.19
-15.19
-15.19
-15.25
-15.25
-15.25
-15.25
-15.25
-15.25
-15.31
-15.31
-15.31
-15.31
-15.31
-15.31
-15.31
-15.31
-15.38
-15.38
-15.38
-15.38
-15.38
-15.38
-15.38
-15.44
-15.44
-15.44
-15.44
-15.44
-15.44
-15.44
-15.44
-15.50
-15.50
-15.50
-15.50
-15.56
-15.56
-15.56
-15.56
-15.56
-15.56
-15.56
-15.63
-15.63
-15.63
-15.63
-15.63
-15.63
-15.63
-15.69
-15.69
-15.69
-15.69
-15.69
-15.69
-15.69
-15.75
-15.75
-15.75
-15.75
-15.75
-15.75
-15.75
-15.75
-15.75
-15.81
-15.81
-15.81
-15.81
-15.88
-15.88
-15.88
-15.88
-15.88
-15.94
-15.94
-15.94
-15.94
-15.94
-15.94
-15.94
-15.94
-16.00
-16.00
-16.00
-16.00
-16.00
-16.00
-16.06
-16.06
-16.06
-16.06
-16.06
-16.12
-16.06
-16.12
-16.12
-16.12
-16.12
-16.12
-16.12
-16.19
-16.19
-16.19
-16.19
-16.19
-16.19
-16.19
-16.19
-16.19
-16.19
-16.25
-16.25
-16.25
-16.25
-16.25
-16.25
-16.25
-16.25
-16.25
-16.31
-16.31
-16.31
-16.31
-16.31
-16.31
-16.31
-16.31
-16.31
-16.31
-16.31
-16.37
-16.37
-16.37
-16.37
-16.37
-16.37
-16.37
-16.37
-16.37
-16.44
-16.44
-16.37
-16.44
-16.44
-16.44
-16.44
-16.44
-16.44
-16.44
-16.44
-16.50
-16.44
-16.50
-16.50
-16.50
-16.50
-16.50
-16.50
-16.50
-16.50
-16.50
-16.50
-16.50
-16.56
-16.56
-16.56
-16.62
-16.62
-16.62
-16.62
-16.62
-16.62
-16.62
-16.62
-16.62
-16.62
-16.69
-16.69
-16.69
-16.69
-16.69
-16.69
-16.69
-16.69
-16.75
-16.75
-16.75
-16.75
-16.75
-16.75
-16.75
-16.81
-16.81
-16.81
-16.81
-16.81
-16.81
-16.81
-16.81
-16.81
-16.81
-16.81
-16.81
-16.87
-16.87
-16.87
-16.87
-16.87
-16.87
-16.87
-16.87
-16.94
-16.94
-16.94
-16.94
-16.94
-16.94
-16.94
-16.94
-16.94
-16.94
-16.94
-16.94
-16.94
-16.94
-17.00
-16.94
-17.00
-17.00
-17.00
-17.00
-17.00
-17.00
-17.00
-17.00
-17.00
-17.00
-17.00
-17.00
-17.00
-17.00
-17.00
-16.94
-16.94
-16.94
-16.94
-16.94
-16.94
-16.94
-16.94
-16.94
-16.94
-16.94
-16.94
-16.87
-16.94
-16.87
-16.87
-16.87
-16.87
-16.81
-16.81
-16.81
-16.81
-16.75
-16.75
-16.75
-16.75
-16.69
-16.69
-16.69
-16.69
-16.62
-16.62
-16.62
-16.62
-16.62
-16.56
-16.56
-16.56
-16.50
-16.50
-16.50
-16.50
-16.50
-16.44
-16.44
-16.44
-16.44
-16.37
-16.37
-16.37
-16.31
-16.31
-16.31
-16.31
-16.25
-16.25
-16.25
-16.25
-16.19
-16.19
-16.19
-16.12
-16.12
-16.12
-16.06
-16.06
-16.06
-16.00
-16.00
-15.94
-15.94
-15.94
-15.88
-15.88
-15.88
-15.81
-15.81
-15.75
-15.75
-15.75
-15.69
-15.69
-15.69
-15.69
-15.63
-15.63
-15.56
-15.56
-15.56
-15.50
-15.50
-15.50
-15.44
-15.44
-15.44
-15.44
-15.38
-15.38
-15.38
-15.31
-15.31
-15.31
-15.25
-15.25
-15.25
-15.19
-15.19
-15.19
-15.13
-15.13
-15.13
-15.13
-15.13
-15.06
-15.06
-15.06
-15.00
-15.00
-15.00
-14.94
-14.94
-14.94
-14.94
-14.88
-14.88
-14.88
-14.88
-14.81
-14.81
-14.81
-14.75
-14.75
-14.75
-14.75
-14.69
-14.69
-14.69
-14.69
-14.63
-14.63
-14.63
-14.63
-14.63
-14.56
-14.56
-14.56
-14.56
-14.50
-14.50
-14.50
-14.50
-14.50
-14.44
-14.44
-14.44
-14.44
-14.44
-14.44
-14.44
-14.38
-14.38
-14.38
-14.38
-14.38
-14.31
-14.31
-14.31
-14.31
-14.31
-14.31
-14.31
-14.25
-14.25
-14.25
-14.25
-14.25
-14.25
-14.25
-14.25
-14.25
-14.19
-14.19
-14.19
-14.19
-14.19
-14.13
-14.13
-14.13
-14.13
-14.13
-14.13
-14.13
-14.13
-14.13
-14.06
-14.06
-14.06
-14.06
-14.06
-14.06
-14.00
-14.00
-14.00
-14.00
-14.00
-14.00
-14.00
-14.00
-14.00
-14.00
-13.94
-13.94
-13.94
-13.94
-13.94
-13.94
-13.94
-13.88
-13.88
-13.88
-13.88
-13.88
-13.88
-13.88
-13.88
-13.88
-13.88
-13.81
-13.81
-13.81
-13.81
-13.81
-13.81
-13.75
-13.75
-13.75
-13.75
-13.75
-13.75
-13.75
-13.75
-13.69
-13.69
-13.69
-13.69
-13.69
-13.69
-13.69
-13.69
-13.69
-13.63
-13.63
-13.63
-13.63
-13.63
-13.63
-13.63
-13.63
-13.63
-13.63
-13.56
-13.56
-13.56
-13.56
-13.56
-13.56
-13.56
-13.56
-13.50
-13.50
-13.50
-13.50
-13.50
-13.50
-13.50
-13.50
-13.50
-13.50
-13.44
-13.44
-13.44
-13.44
-13.44
-13.44
-13.44
-13.44
-13.44
-13.44
-13.44
-13.38
-13.44
-13.38
-13.44
-13.38
-13.38
-13.38
-13.38
-13.38
-13.38
-13.38
-13.31
-13.31
-13.31
-13.31
-13.31
-13.31
-13.31
-13.31
-13.31
-13.31
-13.31
-13.31
-13.31
-13.31
-13.31
-13.31
-13.25
-13.25
-13.25
-13.25
-13.25
-13.25
-13.25
-13.25
-13.25
-13.25
-13.25
-13.25
-13.25
-13.19
-13.19
-13.19
-13.19
-13.19
-13.19
-13.19
-13.19
-13.19
-13.19
-13.19
-13.13
-13.13
-13.13
-13.13
-13.13
-13.13
-13.13
-13.13
-13.13
-13.13
-13.13
-13.13
-13.13
-13.13
-13.13
-13.06
-13.13
-13.06
-13.13
-13.06
-13.06
-13.06
-13.06
-13.06
-13.06
-13.06
-13.06
-13.00
-13.00
-13.00
-13.00
-13.00
-13.00
-13.00
-13.00
-13.00
-13.00
-13.00
-13.00
-13.00
-13.00
-13.00
-13.00
-13.00
-12.94
-12.94
-12.94
-12.94
-12.94
-12.94
-12.94
-12.94
-12.94
-12.94
-12.94
-12.94
-12.94
-12.94
-12.94
-12.94
-12.88
-12.88
-12.88
-12.88
-12.88
-12.88
-12.88
-12.88
-12.88
-12.88
-12.88
-12.88
-12.81
-12.88
-12.88
-12.81
-12.81
-12.81
-12.81
-12.81
-12.81
-12.81
-12.81
-12.81
-12.81
-12.81
-12.81
-12.81
-12.81
-12.81
-12.81
-12.81
-12.81
-12.75
-12.81
-12.81
-12.75
-12.75
-12.75
-12.75
-12.75
-12.75
-12.75
-12.75
-12.75
-12.75
-12.75
-12.75
-12.75
-12.75
-12.75
-12.75
-12.75
-12.75
-12.75
-12.75
-12.69
-12.75
-12.69
-12.69
-12.69
-12.69
-12.69
-12.69
-12.69
-12.69
-12.69
-12.69
-12.69
-12.69
-12.69
-12.69
-12.69
-12.69
-12.69
-12.63
-12.63
-12.63
-12.63
-12.63
-12.63
-12.63
-12.63
-12.63
-12.63
-12.63
-12.63
-12.63
-12.63
-12.63
-12.63
-12.63
-12.63
-12.63
-12.63
-12.56
-12.63
-12.56
-12.56
-12.56
-12.56
-12.56
-12.56
-12.56
-12.56
-12.56
-12.56
-12.56
-12.56
-12.56
-12.56
-12.56
-12.50
-12.50
-12.50
-12.50
-12.50
-12.50
-12.50
-12.50
-12.50
-12.50
-12.50
-12.50
-12.50
-12.50
-12.50
-12.50
-12.50
-12.50
-12.50
-12.50
-12.50
-12.50
-12.50
-12.44
-12.50
-12.44
-12.44
-12.50
-12.44
-12.44
-12.44
-12.44
-12.44
-12.44
-12.44
-12.44
-12.44
-12.44
-12.44
-12.44
-12.44
-12.44
-12.44
-12.44
-12.44
-12.44
-12.44
-12.38
-12.38
-12.38
-12.38
-12.38
-12.38
-12.38
-12.38
-12.38
-12.38
-12.38
-12.38
-12.38
-12.38
-12.38
-12.38
-12.38
-12.38
-12.38
-12.31
-12.38
-12.31
-12.31
-12.31
-12.31
-12.31
-12.31
-12.31
-12.31
-12.31
-12.31
-12.31
-12.31
-12.31
-12.31
-12.31
-12.31
-12.31
-12.31
-12.31
-12.31
-12.31
-12.25
-12.25
-12.25
-12.25
-12.25
-12.25
-12.25
-12.25
-12.25
-12.25
-12.25
-12.25
-12.25
-12.25
-12.25
-12.25
-12.25
-12.25
-12.25
-12.25
-12.19
-12.25
-12.19
-12.19
-12.19
-12.19
-12.19
-12.19
-12.19
-12.19
-12.19
-12.19
-12.19
-12.19
-12.19
-12.19
-12.19
-12.19
-12.19
-12.19
-12.19
-12.19
-12.19
-12.19
-12.19
-12.13
-12.13
-12.19
-12.13
-12.13
-12.13
-12.13
-12.13
-12.13
-12.13
-12.13
-12.13
-12.13
-12.13
-12.13
-12.13
-12.13
-12.13
-12.13
-12.13
-12.13
-12.13
-12.13
-12.06
-12.13
-12.13
-12.13
-12.06
-12.06
-12.06
-12.06
-12.06
-12.06
-12.06
-12.06
-12.06
-12.06
-12.06
-12.00
-12.06
-12.06
-12.06
-12.00
-12.00
-12.06
-12.00
-12.06
-12.00
-12.00
-12.00
-12.00
-12.00
-12.00
-12.00
-12.00
-12.00
-12.00
-12.00
-12.00
-12.00
-12.00
-12.00
-12.00
-12.00
-12.00
-12.00
-12.00
-11.94
-11.94
-11.94
-11.94
-11.94
-11.94
-11.94
-11.94
-11.94
-11.94
-11.94
-11.94
-11.94
-11.94
-11.94
-11.88
-11.94
-11.94
-11.88
-11.94
-11.94
-11.94
-11.94
-11.88
-11.88
-11.88
-11.94
-11.88
-11.88
-11.88
-11.88
-11.88
-11.88
-11.88
-11.88
-11.88
-11.88
-11.88
-11.88
-11.88
-11.88
-11.88
-11.88
-11.88
-11.88
-11.88
-11.81
-11.81
-11.81
-11.81
-11.81
-11.81
-11.81
-11.81
-11.81
-11.81
-11.81
-11.81
-11.81
-11.81
-11.81
-11.81
-11.81
-11.81
-11.81
-11.81
-11.81
-11.75
-11.81
-11.75
-11.81
-11.75
-11.75
-11.75
-11.75
-11.75
-11.75
-11.75
-11.75
-11.75
-11.75
-11.75
-11.75
-11.75
-11.75
-11.75
-11.75
-11.75
-11.75
-11.75
-11.75
-11.75
-11.75
-11.75
-11.75
-11.75
-11.69
-11.69
-11.69
-11.69
-11.69
-11.69
-11.69
-11.69
-11.69
-11.69
-11.69
-11.69
-11.69
-11.69
-11.69
-11.69
-11.69
-11.69
-11.69
-11.69
-11.69
-11.69
-11.69
-11.69
-11.69
-11.69
-11.63
-11.63
-11.63
-11.63
-11.63
-11.63
-11.63
-11.63
-11.63
-11.63
-11.63
-11.63
-11.63
-11.63
-11.63
-11.63
-11.63
-11.63
-11.63
-11.63
-11.56
-11.63
-11.63
-11.56
-11.63
-11.56
-11.56
-11.56
-11.56
-11.56
-11.56
-11.56
-11.56
-11.56
-11.56
-11.56
-11.56
-11.56
-11.56
-11.50
-11.50
-11.50
-11.50
-11.50
-11.50
-11.50
-11.50
-11.50
-11.50
-11.50
-11.50
-11.50
-11.50
-11.50
-11.50
-11.50
-11.50
-11.50
-11.50
-11.50
-11.50
-11.50
-11.50
-11.44
-11.50
-11.44
-11.44
-11.44
-11.44
-11.44
-11.44
-11.44
-11.44
-11.44
-11.44
-11.44
-11.44
-11.44
-11.44
-11.44
-11.44
-11.44
-11.44
-11.44
-11.44
-11.44
-11.38
-11.44
-11.38
-11.38
-11.38
-11.38
-11.38
-11.38
-11.38
-11.38
-11.38
-11.38
-11.38
-11.38
-11.38
-11.38
-11.38
-11.38
-11.38
-11.38
-11.38
-11.38
-11.38
-11.38
-11.38
-11.38
-11.38
-11.31
-11.38
-11.38
-11.31
-11.31
-11.31
-11.31
-11.31
-11.31
-11.31
-11.31
-11.31
-11.31
-11.31
-11.31
-11.31
-11.31
-11.31
-11.31
-11.31
-11.31
-11.31
-11.31
-11.25
-11.25
-11.25
-11.25
-11.25
-11.25
-11.25
-11.25
-11.25
-11.25
-11.25
-11.25
-11.25
-11.25
-11.25
-11.25
-11.25
-11.25
-11.25
-11.25
-11.25
-11.25
-11.25
-11.25
-11.25
-11.25
-11.25
-11.25
-11.19
-11.19
-11.19
-11.19
-11.19
-11.19
-11.19
-11.19
-11.19
-11.19
-11.19
-11.19
-11.19
-11.19
-11.19
-11.19
-11.19
-11.19
-11.19
-11.19
-11.13
-11.19
-11.19
-11.19
-11.13
-11.13
-11.13
-11.13
-11.13
-11.13
-11.13
-11.13
-11.13
-11.13
-11.13
-11.13
-11.13
-11.13
-11.13
-11.13
-11.13
-11.13
-11.13
-11.13
-11.13
-11.13
-11.13
-11.13
-11.13
-11.13
-11.06
-11.13
-11.13
-11.06
-11.06
-11.06
-11.06
-11.06
-11.06
-11.06
-11.06
-11.06
-11.06
-11.06
-11.06
-11.06
-11.06
-11.06
-11.06
-11.06
-11.06
-11.06
-11.06
-11.06
-11.06
-11.00
-11.06
-11.00
-11.00
-11.00
-11.00
-11.00
-11.00
-11.00
-10.94
-10.94
-10.88
-10.88
-10.81
-10.81
-10.75
-10.75
-10.75
-10.69
-10.69
-10.69
-10.69
-10.69
-10.63
-10.63
-10.63
-10.63
-10.63
-10.63
-10.63
-10.63
-10.63
-10.63
-10.63
-10.63
-10.63
-10.63
-10.63
-10.63
-10.69
-10.69
-10.69
-10.69
-10.69
-10.75
-10.75
-10.75
-10.81
-10.81
-10.81
-10.88
-10.88
-10.88
-10.94
-10.94
-10.94
-11.00
-11.00
-11.00
-11.00
-11.06
-11.06
-11.13
-11.13
-11.13
-11.19
-11.19
-11.25
-11.25
-11.25
-11.31
-11.31
-11.31
-11.38
-11.38
-11.44
-11.44
-11.50
-11.50
-11.56
-11.56
-11.63
-11.63
-11.63
-11.69
-11.69
-11.75
-11.75
-11.75
-11.81
-11.81
-11.81
-11.88
-11.88
-11.88
-11.94
-11.94
-12.00
-12.00
-12.06
-12.06
-12.06
-12.13
-12.13
-12.13
-12.19
-12.19
-12.25
-12.25
-12.31
-12.31
-12.38
-12.38
-12.38
-12.44
-12.44
-12.44
-12.50
-12.50
-12.56
-12.56
-12.56
-12.56
-12.63
-12.63
-12.63
-12.69
-12.69
-12.75
-12.75
-12.75
-12.75
-12.81
-12.81
-12.81
-12.88
-12.88
-12.88
-12.94
-12.94
-13.00
-13.00
-13.00
-13.06
-13.06
-13.13
-13.13
-13.19
-13.13
-13.19
-13.19
-13.25
-13.25
-13.25
-13.25
-13.31
-13.31
-13.31
-13.31
-13.38
-13.38
-13.38
-13.44
-13.44
-13.44
-13.50
-13.50
-13.50
-13.56
-13.56
-13.56
-13.56
-13.63
-13.63
-13.69
-13.69
-13.69
-13.75
-13.75
-13.75
-13.75
-13.81
-13.81
-13.88
-13.88
-13.88
-13.88
-13.88
-13.94
-13.94
-13.94
-13.94
-13.94
-14.00
-14.00
-14.00
-14.00
-14.06
-14.06
-14.06
-14.06
-14.13
-14.13
-14.13
-14.13
-14.19
-14.19
-14.19
-14.19
-14.25
-14.25
-14.25
-14.25
-14.31
-14.31
-14.31
-14.31
-14.31
-14.38
-14.38
-14.38
-14.38
-14.44
-14.44
-14.44
-14.44
-14.44
-14.50
-14.50
-14.50
-14.50
-14.50
-14.56
-14.56
-14.56
-14.56
-14.63
-14.63
-14.63
-14.63
-14.63
-14.69
-14.69
-14.69
-14.69
-14.75
-14.75
-14.75
-14.75
-14.81
-14.81
-14.81
-14.81
-14.81
-14.81
-14.88
-14.88
-14.88
-14.88
-14.88
-14.88
-14.94
-14.94
-14.94
-14.94
-14.94
-15.00
-15.00
-15.00
-15.00
-15.00
-15.00
-15.06
-15.06
-15.06
-15.06
-15.06
-15.13
-15.13
-15.13
-15.13
-15.13
-15.13
-15.13
-15.19
-15.19
-15.19
-15.25
-15.25
-15.25
-15.25
-15.25
-15.25
-15.25
-15.31
-15.31
-15.31
-15.31
-15.31
-15.31
-15.38
-15.38
-15.38
-15.38
-15.38
-15.38
-15.38
-15.44
-15.44
-15.44
-15.44
-15.44
-15.44
-15.50
-15.50
-15.50
-15.50
-15.50
-15.50
-15.56
-15.50
-15.56
-15.56
-15.56
-15.56
-15.56
-15.56
-15.63
-15.63
-15.63
-15.63
-15.63
-15.63
-15.69
-15.69
-15.69
-15.69
-15.69
-15.69
-15.75
-15.75
-15.75
-15.75
-15.75
-15.75
-15.75
-15.81
-15.81
-15.81
-15.81
-15.81
-15.81
-15.88
-15.88
-15.88
-15.88
-15.88
-15.88
-15.88
-15.88
-15.94
-15.94
-15.94
-15.94
-15.94
-15.94
-15.94
-15.94
-15.94
-16.00
-16.00
-16.00
-16.00
-16.00
-16.00
-16.00
-16.06
-16.00
-16.06
-16.06
-16.06
-16.06
-16.06
-16.06
-16.12
-16.12
-16.12
-16.12
-16.12
-16.12
-16.12
-16.19
-16.19
-16.19
-16.19
-16.19
-16.19
-16.19
-16.25
-16.25
-16.25
-16.25
-16.25
-16.25
-16.25
-16.25
-16.25
-16.31
-16.31
-16.31
-16.31
-16.31
-16.31
-16.31
-16.31
-16.37
-16.37
-16.37
-16.37
-16.37
-16.37
-16.37
-16.37
-16.44
-16.44
-16.44
-16.44
-16.44
-16.44
-16.44
-16.44
-16.44
-16.50
-16.50
-16.50
-16.50
-16.50
-16.50
-16.50
-16.56
-16.56
-16.56
-16.56
-16.56
-16.56
-16.56
-16.56
-16.56
-16.56
-16.62
-16.62
-16.62
-16.62
-16.62
-16.62
-16.62
-16.62
-16.62
-16.69
-16.69
-16.69
-16.69
-16.69
-16.69
-16.69
-16.69
-16.69
-16.69
-16.69
-16.69
-16.69
-16.69
-16.69
-16.75
-16.69
-16.75
-16.75
-16.75
-16.75
-16.75
-16.75
-16.75
-16.75
-16.75
-16.81
-16.81
-16.81
-16.81
-16.81
-16.81
-16.81
-16.81
-16.81
-16.81
-16.87
-16.81
-16.87
-16.87
-16.87
-16.87
-16.87
-16.87
-16.87
-16.87
-16.94
-16.94
-16.94
-16.94
-16.94
-16.94
-16.94
-16.94
-16.94
-16.94
-16.94
-16.94
-16.94
-16.94
-16.94
-16.94
-16.94
-16.87
-16.94
-16.94
-16.94
-16.87
-16.87
-16.94
-16.87
-16.87
-16.87
-16.87
-16.87
-16.81
-16.81
-16.81
-16.81
-16.81
-16.81
-16.75
-16.75
-16.75
-16.75
-16.69
-16.69
-16.69
-16.69
-16.69
-16.62
-16.62
-16.62
-16.62
-16.62
-16.56
-16.56
-16.56
-16.50
-16.50
-16.50
-16.50
-16.44
-16.44
-16.44
-16.44
-16.44
-16.37
-16.37
-16.37
-16.31
-16.31
-16.31
-16.31
-16.25
-16.25
-16.25
-16.25
-16.19
-16.19
-16.12
-16.12
-16.12
-16.12
-16.12
-16.06
-16.06
-16.00
-16.00
-16.00
-15.94
-15.94
-15.94
-15.88
-15.88
-15.81
-15.81
-15.81
-15.75
-15.75
-15.75
-15.69
-15.69
-15.69
-15.63
-15.63
-15.63
-15.56
-15.56
-15.56
-15.50
-15.50
-15.44
-15.44
-15.44
-15.38
-15.38
-15.38
-15.38
-15.31
-15.31
-15.31
-15.31
-15.25
-15.25
-15.25
-15.25
-15.19
-15.19
-15.13
-15.13
-15.13
-15.13
-15.13
-15.06
-15.06
-15.06
-15.00
-15.00
-15.00
-15.00
-14.94
-14.94
-14.94
-14.94
-14.88
-14.88
-14.88
-14.88
-14.81
-14.81
-14.81
-14.75
-14.75
-14.75
-14.75
-14.69
-14.69
-14.69
-14.69
-14.63
-14.63
-14.63
-14.63
-14.56
-14.56
-14.56
-14.56
-14.50
-14.50
-14.50
-14.50
-14.44
-14.44
-14.44
-14.44
-14.44
-14.38
-14.38
-14.38
-14.38
-14.38
-14.38
-14.31
-14.31
-14.31
-14.31
-14.31
-14.31
-14.25
-14.25
-14.25
-14.25
-14.25
-14.25
-14.19
-14.19
-14.19
-14.19
-14.19
-14.19
-14.19
-14.19
-14.13
-14.13
-14.13
-14.13
-14.13
-14.13
-14.13
-14.13
-14.06
-14.06
-14.06
-14.06
-14.06
-14.06
-14.06
-14.06
-14.06
-14.00
-14.00
-14.00
-14.00
-14.00
-13.94
-13.94
-13.94
-13.94
-13.94
-13.94
-13.94
-13.94
-13.94
-13.88
-13.94
-13.88
-13.88
-13.88
-13.88
-13.88
-13.88
-13.81
-13.81
-13.81
-13.81
-13.81
-13.81
-13.81
-13.81
-13.75
-13.81
-13.75
-13.75
-13.75
-13.75
-13.75
-13.75
-13.75
-13.75
-13.69
-13.69
-13.69
-13.69
-13.69
-13.69
-13.69
-13.69
-13.69
-13.63
-13.63
-13.63
-13.63
-13.63
-13.63
-13.56
-13.56
-13.56
-13.56
-13.56
-13.56
-13.56
-13.56
-13.50
-13.56
-13.50
-13.50
-13.50
-13.50
-13.50
-13.50
-13.50
-13.50
-13.50
-13.44
-13.50
-13.44
-13.44
-13.44
-13.44
-13.44
-13.44
-13.44
-13.44
-13.44
-13.38
-13.38
-13.38
-13.38
-13.38
-13.38
-13.38
-13.38
-13.38
-13.38
-13.31
-13.38
-13.31
-13.31
-13.31
-13.31
-13.31
-13.31
-13.31
-13.31
-13.31
-13.31
-13.31
-13.31
-13.25
-13.25
-13.25
-13.25
-13.25
-13.25
-13.25
-13.25
-13.25
-13.25
-13.25
-13.25
-13.25
-13.25
-13.19
-13.19
-13.19
-13.19
-13.19
-13.19
-13.19
-13.19
-13.19
-13.19
-13.13
-13.13
-13.13
-13.13
-13.13
-13.13
-13.13
-13.13
-13.13
-13.13
-13.13
-13.13
-13.13
-13.06
-13.13
-13.13
-13.06
-13.06
-13.13
-13.06
-13.06
-13.06
-13.06
-13.06
-13.06
-13.06
-13.06
-13.06
-13.00
-13.00
-13.06
-13.00
-13.00
-13.00
-13.00
-13.00
-13.00
-13.00
-13.00
-13.00
-13.00
-13.00
-13.00
-13.00
-12.94
-12.94
-12.94
-12.94
-12.94
-12.94
-12.94
-12.94
-12.94
-12.94
-12.94
-12.94
-12.94
-12.94
-12.88
-12.88
-12.88
-12.88
-12.88
-12.88
-12.88
-12.88
-12.88
-12.88
-12.88
-12.88
-12.88
-12.81
-12.88
-12.88
-12.81
-12.81
-12.81
-12.81
-12.81
-12.81
-12.81
-12.81
-12.81
-12.81
-12.81
-12.81
-12.81
-12.81
-12.81
-12.81
-12.81
-12.81
-12.81
-12.75
-12.75
-12.75
-12.75
-12.75
-12.75
-12.75
-12.75
-12.75
-12.75
-12.75
-12.75
-12.75
-12.75
-12.75
-12.75
-12.69
-12.75
-12.69
-12.69
-12.69
-12.69
-12.69
-12.69
-12.69
-12.69
-12.69
-12.69
-12.69
-12.69
-12.69
-12.69
-12.69
-12.69
-12.63
-12.69
-12.69
-12.63
-12.63
-12.63
-12.63
-12.63
-12.63
-12.63
-12.63
-12.63
-12.63
-12.63
-12.63
-12.63
-12.63
-12.63
-12.63
-12.63
-12.63
-12.63
-12.63
-12.63
-12.63
-12.56
-12.56
-12.56
-12.56
-12.56
-12.56
-12.56
-12.56
-12.56
-12.56
-12.56
-12.56
-12.56
-12.56
-12.56
-12.56
-12.50
-12.50
-12.50
-12.50
-12.50
-12.50
-12.50
-12.50
-12.50
-12.50
-12.50
-12.50
-12.50
-12.50
-12.50
-12.50
-12.50
-12.50
-12.50
-12.50
-12.50
-12.50
-12.44
-12.50
-12.44
-12.44
-12.44
-12.44
-12.44
-12.44
-12.44
-12.44
-12.44
-12.44
-12.44
-12.44
-12.44
-12.44
-12.44
-12.44
-12.44
-12.44
-12.44
-12.44
-12.44
-12.44
-12.44
-12.38
-12.38
-12.38
-12.38
-12.38
-12.38
-12.38
-12.38
-12.38
-12.38
-12.38
-12.38
-12.38
-12.38
-12.38
-12.31
-12.38
-12.38
-12.38
-12.38
-12.38
-12.31
-12.38
-12.38
-12.38
-12.31
-12.31
-12.31
-12.31
-12.31
-12.31
-12.31
-12.31
-12.31
-12.31
-12.31
-12.31
-12.31
-12.31
-12.31
-12.31
-12.31
-12.31
-12.31
-12.31
-12.25
-12.31
-12.31
-12.25
-12.25
-12.25
-12.25
-12.25
-12.25
-12.25
-12.25
-12.25
-12.25
-12.25
-12.25
-12.25
-12.25
-12.25
-12.25
-12.25
-12.25
-12.25
-12.25
-12.25
-12.19
-12.19
-12.19
-12.19
-12.19
-12.19
-12.19
-12.19
-12.19
-12.19
-12.19
-12.19
-12.19
-12.19
-12.19
-12.19
-12.19
-12.19
-12.19
-12.19
-12.19
-12.19
-12.13
-12.13
-12.13
-12.13
-12.13
-12.13
-12.13
-12.13
-12.13
-12.13
-12.13
-12.13
-12.13
-12.13
-12.13
-12.13
-12.13
-12.13
-12.13
-12.13
-12.13
-12.06
-12.13
-12.06
-12.06
-12.06
-12.06
-12.06
-12.06
-12.06
-12.06
-12.06
-12.06
-12.06
-12.06
-12.06
-12.06
-12.06
-12.00
-12.00
-12.00
-12.06
-12.00
-12.00
-12.00
-12.00
-12.00
-12.00
-12.00
-12.00
-12.00
-12.00
-12.00
-12.00
-12.00
-12.00
-12.00
-12.00
-12.00
-12.00
-12.00
-12.00
-12.00
-11.94
-11.94
-12.00
-11.94
-11.94
-11.94
-11.94
-11.94
-11.94
-11.94
-11.94
-11.94
-11.94
-11.94
-11.94
-11.94
-11.94
-11.94
-11.94
-11.94
-11.94
-11.94
-11.94
-11.94
-11.94
-11.88
-11.88
-11.94
-11.88
-11.88
-11.88
-11.88
-11.88
-11.88
-11.88
-11.88
-11.88
-11.88
-11.88
-11.88
-11.88
-11.88
-11.81
-11.88
-11.81
-11.81
-11.81
-11.81
-11.81
-11.81
-11.81
-11.81
-11.81
-11.81
-11.81
-11.81
-11.81
-11.81
-11.81
-11.81
-11.81
-11.81
-11.81
-11.81
-11.81
-11.81
-11.81
-11.81
-11.81
-11.81
-11.75
-11.75
-11.75
-11.75
-11.75
-11.75
-11.75
-11.75
-11.75
-11.75
-11.75
-11.75
-11.75
-11.75
-11.75
-11.75
-11.75
-11.75
-11.75
-11.75
-11.75
-11.75
-11.69
-11.69
-11.69
-11.69
-11.69
-11.69
-11.69
-11.69
-11.69
-11.69
-11.69
-11.69
-11.69
-11.69
-11.69
-11.69
-11.69
-11.69
-11.69
-11.69
-11.69
-11.69
-11.69
-11.63
-11.69
-11.63
-11.63
-11.63
-11.63
-11.63
-11.63
-11.63
-11.63
-11.63
-11.63
-11.63
-11.63
-11.63
-11.63
-11.63
-11.63
-11.63
-11.63
-11.63
-11.63
-11.63
-11.63
-11.63
-11.63
-11.63
-11.63
-11.63
-11.56
-11.56
-11.56
-11.56
-11.56
-11.56
-11.56
-11.56
-11.56
-11.56
-11.56
-11.56
-11.56
-11.56
-11.56
-11.56
-11.50
-11.50
-11.50
-11.50
-11.56
-11.56
-11.50
-11.50
-11.50
-11.50
-11.50
-11.50
-11.50
-11.50
-11.50
-11.50
-11.50
-11.50
-11.50
-11.50
-11.50
-11.50
-11.44
-11.44
-11.44
-11.44
-11.44
-11.44
-11.44
-11.44
-11.44
-11.44
-11.44
-11.44
-11.44
-11.44
-11.44
-11.44
-11.44
-11.44
-11.44
-11.44
-11.44
-11.44
-11.44
-11.38
-11.44
-11.44
-11.38
-11.44
-11.38
-11.38
-11.38
-11.38
-11.38
-11.38
-11.38
-11.38
-11.38
-11.38
-11.38
-11.38
-11.38
-11.38
-11.38
-11.38
-11.38
-11.38
-11.38
-11.38
-11.31
-11.31
-11.31
-11.31
-11.31
-11.31
-11.31
-11.31
-11.31
-11.31
-11.31
-11.31
-11.31
-11.31
-11.31
-11.31
-11.31
-11.31
-11.31
-11.31
-11.31
-11.25
-11.31
-11.31
-11.31
-11.31
-11.25
-11.25
-11.25
-11.25
-11.25
-11.25
-11.25
-11.25
-11.25
-11.25
-11.25
-11.25
-11.25
-11.25
-11.25
-11.25
-11.25
-11.25
-11.25
-11.25
-11.25
-11.19
-11.25
-11.25
-11.25
-11.19
-11.19
-11.19
-11.25
-11.19
-11.19
-11.19
-11.19
-11.19
-11.19
-11.19
-11.19
-11.19
-11.19
-11.19
-11.19
-11.19
-11.19
-11.19
-11.19
-11.19
-11.19
-11.13
-11.19
-11.13
-11.13
-11.13
-11.13
-11.13
-11.13
-11.13
-11.13
-11.13
-11.13
-11.13
-11.13
-11.13
-11.13
-11.13
-11.13
-11.13
-11.13
-11.13
-11.13
-11.13
-11.13
-11.06
-11.13
-11.13
-11.13
-11.06
-11.06
-11.06
-11.06
-11.06
-11.06
-11.06
-11.06
-11.06
-11.06
-11.06
-11.06
-11.06
-11.06
-11.00
-11.06
-11.06
-11.06
-11.00
-11.06
-11.00
-11.06
-11.00
-11.06
-11.06
-11.06
-11.00
-11.00
-11.00
-10.94
-10.94
-10.88
-10.88
-10.88
-10.81
-10.81
-10.75
-10.75
-10.75
-10.75
-10.75
-10.69
-10.69
-10.69
-10.63
-10.63
-10.63
-10.63
-10.63
-10.63
-10.63
-10.63
-10.63
-10.63
-10.63
-10.69
-10.69
-10.69
-10.69
-10.69
-10.69
-10.69
-10.69
-10.69
-10.69
-10.75
-10.75
-10.75
-10.81
-10.75
-10.81
-10.81
-10.81
-10.88
-10.88
-10.94
-10.94
-10.94
-10.94
-11.00
-11.00
-11.00
-11.06
-11.06
-11.06
-11.13
-11.13
-11.19
-11.19
-11.25
-11.25
-11.25
-11.31
-11.31
-11.38
-11.38
-11.38
-11.44
-11.44
-11.50
-11.50
-11.50
-11.56
-11.63
-11.63
-11.63
-11.69
-11.69
-11.75
-11.75
-11.81
-11.81
-11.81
-11.88
-11.88
-11.94
-11.94
-11.94
-12.00
-12.00
-12.00
-12.06
-12.06
-12.13
-12.13
-12.19
-12.19
-12.25
-12.25
-12.25
-12.25
-12.31
-12.31
-12.38
-12.38
-12.38
-12.44
-12.44
-12.44
-12.50
-12.50
-12.50
-12.56
-12.56
-12.63
-12.63
-12.63
-12.63
-12.69
-12.69
-12.69
-12.75
-12.75
-12.81
-12.81
-12.81
-12.81
-12.88
-12.88
-12.94
-12.94
-13.00
-13.00
-13.00
-13.06
-13.06
-13.06
-13.13
-13.13
-13.13
-13.13
-13.19
-13.19
-13.25
-13.25
-13.25
-13.31
-13.31
-13.31
-13.31
-13.31
-13.38
-13.38
-13.38
-13.44
-13.44
-13.44
-13.44
-13.50
-13.50
-13.50
-13.50
-13.56
-13.56
-13.56
-13.63
-13.63
-13.69
-13.69
-13.69
-13.69
-13.75
-13.75
-13.75
-13.75
-13.81
-13.81
-13.81
-13.81
-13.88
-13.88
-13.88
-13.94
-13.94
-13.94
-13.94
-14.00
-14.00
-14.00
-14.00
-14.00
-14.06
-14.06
-14.06
-14.13
-14.13
-14.13
-14.13
-14.19
-14.19
-14.19
-14.19
-14.19
-14.25
-14.25
-14.25
-14.25
-14.31
-14.31
-14.31
-14.31
-14.38
-14.38
-14.38
-14.38
-14.38
-14.44
-14.44
-14.44
-14.44
-14.44
-14.44
-14.50
-14.50
-14.50
-14.50
-14.56
-14.56
-14.56
-14.63
-14.63
-14.63
-14.63
-14.63
-14.69
-14.69
-14.69
-14.69
-14.69
-14.75
-14.75
-14.75
-14.75
-14.81
-14.81
-14.81
-14.81
-14.81
-14.81
-14.88
-14.88
-14.88
-14.88
-14.94
-14.94
-14.94
-14.94
-15.00
-15.00
-15.00
-15.00
-15.00
-15.00
-15.06
-15.06
-15.06
-15.06
-15.13
-15.13
-15.13
-15.13
-15.13
-15.13
-15.13
-15.19
-15.19
-15.19
-15.19
-15.25
-15.25
-15.25
-15.25
-15.25
-15.25
-15.25
-15.31
-15.31
-15.31
-15.31
-15.31
-15.31
-15.38
-15.38
-15.38
-15.38
-15.38
-15.44
-15.44
-15.44
-15.44
-15.44
-15.50
-15.50
-15.50
-15.50
-15.50
-15.50
-15.50
-15.56
-15.56
-15.56
-15.56
-15.56
-15.63
-15.56
-15.63
-15.63
-15.63
-15.63
-15.63
-15.63
-15.63
-15.63
-15.63
-15.63
-15.69
-15.69
-15.69
-15.69
-15.69
-15.69
-15.69
-15.75
-15.75
-15.75
-15.75
-15.75
-15.75
-15.75
-15.81
-15.81
-15.81
-15.81
-15.81
-15.81
-15.81
-15.88
-15.88
-15.88
-15.88
-15.88
-15.88
-15.88
-15.94
-15.94
-15.94
-15.94
-15.94
-15.94
-15.94
-15.94
-15.94
-16.00
-16.00
-16.00
-16.00
-16.00
-16.00
-16.06
-16.00
-16.06
-16.06
-16.06
-16.06
-16.12
-16.12
-16.12
-16.12
-16.12
-16.12
-16.12
-16.12
-16.19
-16.12
-16.19
-16.19
-16.19
-16.19
-16.19
-16.19
-16.19
-16.25
-16.25
-16.25
-16.25
-16.25
-16.25
-16.25
-16.25
-16.25
-16.31
-16.31
-16.31
-16.31
-16.31
-16.31
-16.31
-16.31
-16.31
-16.31
-16.31
-16.37
-16.37
-16.37
-16.37
-16.37
-16.37
-16.37
-16.44
-16.44
-16.44
-16.44
-16.44
-16.44
-16.44
-16.50
-16.50
-16.44
-16.50
-16.50
-16.50
-16.50
-16.50
-16.50
-16.50
-16.56
-16.56
-16.56
-16.56
-16.56
-16.62
-16.56
-16.62
-16.62
-16.62
-16.62
-16.62
-16.62
-16.62
-16.62
-16.62
-16.62
-16.62
-16.62
-16.62
-16.69
-16.69
-16.69
-16.75
-16.75
-16.75
-16.75
-16.75
-16.75
-16.75
-16.75
-16.75
-16.75
-16.75
-16.81
-16.75
-16.81
-16.75
-16.75
-16.81
-16.81
-16.81
-16.81
-16.81
-16.81
-16.81
-16.81
-16.81
-16.81
-16.81
-16.81
-16.81
-16.87
-16.87
-16.87
-16.87
-16.87
-16.87
-16.87
-16.87
-16.87
-16.87
-16.94
-16.94
-16.94
-16.94
-16.94
-16.94
-16.94
-16.94
-16.94
-16.94
-16.94
-16.94
-16.94
-16.94
-16.94
-16.87
-16.87
-16.94
-16.94
-16.87
-16.87
-16.87
-16.87
-16.87
-16.87
-16.87
-16.87
-16.87
-16.81
-16.81
-16.81
-16.81
-16.81
-16.81
-16.75
-16.75
-16.75
-16.75
-16.75
-16.69
-16.69
-16.69
-16.69
-16.62
-16.62
-16.62
-16.62
-16.56
-16.56
-16.56
-16.56
-16.50
-16.50
-16.50
-16.50
-16.50
-16.44
-16.44
-16.44
-16.37
-16.37
-16.37
-16.37
-16.31
-16.31
-16.31
-16.31
-16.25
-16.25
-16.25
-16.25
-16.19
-16.19
-16.19
-16.12
-16.12
-16.12
-16.12
-16.06
-16.06
-16.00
-16.00
-16.00
-15.94
-15.94
-15.94
-15.94
-15.88
-15.88
-15.88
-15.81
-15.75
-15.75
-15.75
-15.75
-15.69
-15.69
-15.63
-15.63
-15.63
-15.56
-15.56
-15.56
-15.50
-15.50
-15.50
-15.44
-15.44
-15.44
-15.38
-15.38
-15.38
-15.38
-15.31
-15.31
-15.31
-15.25
-15.25
-15.25
-15.25
-15.19
-15.19
-15.19
-15.19
-15.13
-15.13
-15.13
-15.06
-15.06
-15.06
-15.00
-15.00
-15.00
-14.94
-14.94
-14.94
-14.94
-14.88
-14.88
-14.88
-14.88
-14.81
-14.81
-14.81
-14.81
-14.75
-14.75
-14.75
-14.75
-14.69
-14.69
-14.69
-14.69
-14.63
-14.63
-14.63
-14.63
-14.63
-14.56
-14.56
-14.56
-14.50
-14.50
-14.50
-14.50
-14.44
-14.44
-14.44
-14.44
-14.44
-14.38
-14.38
-14.38
-14.38
-14.38
-14.31
-14.31
-14.31
-14.31
-14.31
-14.25
-14.25
-14.25
-14.25
-14.25
-14.25
-14.25
-14.25
-14.19
-14.19
-14.19
-14.19
-14.19
-14.19
-14.19
-14.13
-14.13
-14.13
-14.13
-14.13
-14.13
-14.13
-14.13
-14.13
-14.06
-14.06
-14.06
-14.06
-14.06
-14.00
-14.00
-14.00
-14.00
-14.00
-14.00
-14.00
-13.94
-13.94
-13.94
-13.94
-13.94
-13.94
-13.94
-13.94
-13.88
-13.88
-13.88
-13.88
-13.88
-13.88
-13.88
-13.88
-13.81
-13.81
-13.81
-13.81
-13.81
-13.81
-13.81
-13.81
-13.75
-13.75
-13.75
-13.75
-13.75
-13.75
-13.75
-13.75
-13.69
-13.69
-13.69
-13.69
-13.69
-13.69
-13.69
-13.69
-13.63
-13.63
-13.63
-13.63
-13.63
-13.63
-13.63
-13.63
-13.63
-13.63
-13.63
-13.56
-13.56
-13.56
-13.56
-13.56
-13.56
-13.50
-13.50
-13.50
-13.50
-13.50
-13.50
-13.50
-13.50
-13.50
-13.50
-13.50
-13.44
-13.44
-13.44
-13.44
-13.44
-13.44
-13.44
-13.44
-13.44
-13.44
-13.38
-13.44
-13.38
-13.38
-13.38
-13.38
-13.38
-13.38
-13.38
-13.38
-13.31
-13.38
-13.31
-13.31
-13.31
-13.31
-13.31
-13.31
-13.31
-13.31
-13.31
-13.31
-13.31
-13.31
-13.25
-13.25
-13.25
-13.25
-13.25
-13.25
-13.25
-13.25
-13.25
-13.25
-13.25
-13.25
-13.25
-13.25
-13.19
-13.19
-13.19
-13.19
-13.19
-13.19
-13.19
-13.19
-13.19
-13.19
-13.13
-13.13
-13.13
-13.13
-13.13
-13.13
-13.13
-13.13
-13.13
-13.13
-13.13
-13.13
-13.13
-13.13
-13.13
-13.13
-13.13
-13.13
-13.06
-13.06
-13.06
-13.06
-13.06
-13.06
-13.06
-13.06
-13.06
-13.06
-13.00
-13.00
-13.00
-13.00
-13.00
-13.00
-13.00
-13.00
-13.00
-13.00
-13.00
-13.00
-13.00
-13.00
-13.00
-12.94
-12.94
-12.94
-12.94
-12.94
-12.94
-12.94
-12.94
-12.94
-12.94
-12.94
-12.94
-12.94
-12.94
-12.94
-12.94
-12.88
-12.88
-12.88
-12.88
-12.88
-12.88
-12.88
-12.88
-12.88
-12.88
-12.88
-12.88
-12.88
-12.81
-12.88
-12.81
-12.81
-12.81
-12.81
-12.81
-12.81
-12.81
-12.81
-12.81
-12.81
-12.81
-12.81
-12.81
-12.81
-12.81
-12.81
-12.81
-12.75
-12.75
-12.75
-12.75
-12.75
-12.75
-12.75
-12.75
-12.75
-12.75
-12.75
-12.75
-12.75
-12.75
-12.69
-12.69
-12.69
-12.69
-12.69
-12.69
-12.69
-12.69
-12.69
-12.69
-12.69
-12.69
-12.69
-12.69
-12.69
-12.69
-12.69
-12.69
-12.69
-12.69
-12.63
-12.63
-12.63
-12.63
-12.63
-12.63
-12.63
-12.63
-12.63
-12.63
-12.63
-12.63
-12.63
-12.63
-12.63
-12.63
-12.63
-12.63
-12.63
-12.63
-12.63
-12.63
-12.63
-12.63
-12.63
-12.56
-12.63
-12.56
-12.63
-12.56
-12.63
-12.56
-12.56
-12.56
-12.56
-12.56
-12.56
-12.56
-12.56
-12.56
-12.56
-12.56
-12.56
-12.56
-12.56
-12.50
-12.50
-12.50
-12.50
-12.50
-12.50
-12.50
-12.50
-12.50
-12.50
-12.50
-12.50
-12.50
-12.50
-12.50
-12.50
-12.50
-12.50
-12.50
-12.50
-12.50
-12.50
-12.50
-12.44
-12.50
-12.44
-12.44
-12.50
-12.44
-12.44
-12.44
-12.44
-12.44
-12.44
-12.44
-12.44
-12.44
-12.44
-12.44
-12.44
-12.44
-12.44
-12.44
-12.44
-12.44
-12.38
-12.38
-12.38
-12.38
-12.38
-12.38
-12.38
-12.38
-12.38
-12.38
-12.38
-12.38
-12.38
-12.38
-12.38
-12.38
-12.38
-12.38
-12.38
-12.38
-12.31
-12.31
-12.31
-12.31
-12.31
-12.31
-12.31
-12.31
-12.31
-12.31
-12.31
-12.31
-12.31
-12.31
-12.31
-12.31
-12.31
-12.31
-12.31
-12.31
-12.25
-12.31
-12.25
-12.31
-12.25
-12.25
-12.25
-12.25
-12.25
-12.25
-12.25
-12.25
-12.25
-12.25
-12.25
-12.25
-12.25
-12.25
-12.25
-12.25
-12.25
-12.25
-12.25
-12.25
-12.25
-12.25
-12.25
-12.19
-12.25
-12.19
-12.19
-12.19
-12.19
-12.19
-12.19
-12.19
-12.19
-12.19
-12.19
-12.19
-12.19
-12.19
-12.19
-12.19
-12.19
-12.19
-12.19
-12.19
-12.19
-12.19
-12.13
-12.13
-12.13
-12.13
-12.13
-12.13
-12.13
-12.13
-12.13
-12.13
-12.13
-12.13
-12.13
-12.13
-12.13
-12.13
-12.13
-12.13
-12.13
-12.13
-12.13
-12.13
-12.06
-12.06
-12.06
-12.06
-12.13
-12.06
-12.06
-12.06
-12.06
-12.06
-12.06
-12.06
-12.06
-12.06
-12.06
-12.00
-12.06
-12.06
-12.00
-12.00
-12.06
-12.00
-12.00
-12.00
-12.00
-12.00
-12.00
-12.00
-12.00
-12.00
-12.00
-12.00
-12.00
-12.00
-12.00
-12.00
-12.00
-12.00
-12.00
-12.00
-12.00
-12.00
-12.00
-12.00
-12.00
-12.00
-11.94
-12.00
-11.94
-11.94
-11.94
-11.94
-11.94
-11.94
-11.94
-11.94
-11.94
-11.94
-11.94
-11.94
-11.94
-11.94
-11.94
-11.94
-11.94
-11.94
-11.94
-11.88
-11.88
-11.88
-11.88
-11.88
-11.88
-11.88
-11.88
-11.88
-11.88
-11.88
-11.88
-11.88
-11.88
-11.88
-11.88
-11.88
-11.88
-11.88
-11.88
-11.88
-11.88
-11.81
-11.81
-11.81
-11.81
-11.81
-11.81
-11.81
-11.81
-11.81
-11.81
-11.81
-11.81
-11.81
-11.81
-11.81
-11.81
-11.81
-11.81
-11.81
-11.81
-11.75
-11.75
-11.81
-11.81
-11.81
-11.75
-11.75
-11.75
-11.75
-11.75
-11.75
-11.75
-11.75
-11.75
-11.75
-11.75
-11.75
-11.75
-11.75
-11.75
-11.75
-11.75
-11.75
-11.75
-11.75
-11.75
-11.75
-11.75
-11.69
-11.69
-11.69
-11.75
-11.69
-11.69
-11.69
-11.69
-11.69
-11.69
-11.69
-11.69
-11.69
-11.69
-11.69
-11.69
-11.69
-11.69
-11.69
-11.69
-11.69
-11.63
-11.69
-11.63
-11.63
-11.63
-11.63
-11.63
-11.63
-11.63
-11.63
-11.63
-11.63
-11.63
-11.63
-11.63
-11.63
-11.63
-11.63
-11.63
-11.63
-11.63
-11.63
-11.63
-11.63
-11.63
-11.63
-11.63
-11.56
-11.56
-11.56
-11.56
-11.56
-11.56
-11.56
-11.56
-11.56
-11.56
-11.56
-11.56
-11.56
-11.56
-11.56
-11.56
-11.56
-11.56
-11.56
-11.56
-11.50
-11.56
-11.50
-11.50
-11.50
-11.50
-11.50
-11.50
-11.50
-11.50
-11.50
-11.50
-11.50
-11.50
-11.50
-11.50
-11.50
-11.50
-11.50
-11.50
-11.50
-11.50
-11.50
-11.50
-11.44
-11.44
-11.44
-11.44
-11.44
-11.44
-11.44
-11.44
-11.44
-11.44
-11.44
-11.44
-11.44
-11.44
-11.44
-11.44
-11.44
-11.38
-11.44
-11.44
-11.38
-11.38
-11.38
-11.38
-11.38
-11.38
-11.38
-11.38
-11.38
-11.38
-11.38
-11.38
-11.38
-11.38
-11.38
-11.38
-11.38
-11.38
-11.38
-11.38
-11.38
-11.38
-11.38
-11.38
-11.31
-11.31
-11.31
-11.31
-11.31
-11.31
-11.31
-11.31
-11.31
-11.31
-11.31
-11.31
-11.31
-11.31
-11.31
-11.31
-11.31
-11.31
-11.31
-11.31
-11.31
-11.31
-11.31
-11.31
-11.25
-11.31
-11.25
-11.25
-11.25
-11.25
-11.25
-11.25
-11.25
-11.25
-11.25
-11.25
-11.25
-11.25
-11.25
-11.25
-11.25
-11.25
-11.25
-11.25
-11.25
-11.25
-11.25
-11.25
-11.25
-11.19
-11.25
-11.25
-11.25
-11.25
-11.19
-11.19
-11.19
-11.19
-11.19
-11.19
-11.19
-11.19
-11.19
-11.19
-11.19
-11.19
-11.19
-11.19
-11.19
-11.19
-11.19
-11.19
-11.19
-11.19
-11.13
-11.13
-11.13
-11.13
-11.19
-11.13
-11.13
-11.13
-11.13
-11.13
-11.13
-11.13
-11.13
-11.13
-11.13
-11.13
-11.13
-11.13
-11.13
-11.13
-11.13
-11.13
-11.13
-11.13
-11.13
-11.13
-11.13
-11.13
-11.13
-11.13
-11.06
-11.13
-11.13
-11.13
-11.13
-11.06
-11.06
-11.13
-11.06
-11.06
-11.13
-11.06
-11.06
-11.06
-11.06
-11.06
-11.06
-11.06
-11.06
-11.06
-11.06
-11.06
-11.06
-11.06
-11.06
-11.00
-11.06
-11.00
-11.00
-11.00
-11.00
-11.00
-11.00
-11.00
-11.00
-11.00
-11.00
-11.00
-11.00
-11.00
-11.00
-11.00
-11.00
-11.00
-11.00
-11.00
-10.94
-11.00
-10.94
-10.94
-10.94
-11.00
-10.94
-10.94
-10.94
-10.94
-10.94
-10.94
-10.94
-10.94
-10.94
-10.94
-10.94
-10.88
-10.88
-10.81
-10.81
-10.81
-10.75
-10.75
-10.69
-10.69
-10.69
-10.63
-10.63
-10.63
-10.56
-10.56
-10.56
-10.56
-10.56
-10.56
-10.56
-10.56
-10.56
-10.56
-10.56
-10.56
-10.56
-10.56
-10.56
-10.56
-10.56
-10.56
-10.56
-10.63
-10.63
-10.63
-10.63
-10.63
-10.69
-10.69
-10.69
-10.75
-10.75
-10.75
-10.81
-10.81
-10.81
-10.88
-10.88
-10.88
-10.94
-10.94
-10.94
-11.00
-11.00
-11.06
-11.06
-11.13
-11.13
-11.13
-11.19
-11.19
-11.19
-11.25
-11.25
-11.25
-11.31
-11.31
-11.38
-11.38
-11.38
-11.44
-11.44
-11.50
-11.50
-11.50
-11.56
-11.56
-11.63
-11.63
-11.63
-11.63
-11.69
-11.75
-11.75
-11.75
-11.81
-11.81
-11.81
-11.88
-11.88
-11.94
-11.94
-11.94
-11.94
-12.00
-12.06
-12.06
-12.06
-12.13
-12.13
-12.19
-12.19
-12.19
-12.25
-12.25
-12.31
-12.31
-12.31
-12.38
-12.38
-12.38
-12.44
-12.44
-12.50
-12.50
-12.50
-12.56
-12.56
-12.63
-12.63
-12.63
-12.69
-12.69
-12.75
-12.75
-12.75
-12.81
-12.81
-12.88
-12.88
-12.88
-12.88
-12.94
-12.94
-13.00
-13.00
-13.00
-13.00
-13.06
-13.06
-13.13
-13.13
-13.13
-13.13
-13.13
-13.19
-13.19
-13.19
-13.19
-13.25
-13.25
-13.31
-13.31
-13.31
-13.31
-13.38
-13.38
-13.44
-13.44
-13.44
-13.50
-13.50
-13.50
-13.50
-13.50
-13.56
-13.56
-13.63
-13.63
-13.63
-13.63
-13.69
-13.69
-13.69
-13.69
-13.75
-13.75
-13.75
-13.75
-13.81
-13.81
-13.81
-13.81
-13.88
-13.88
-13.88
-13.88
-13.94
-13.94
-13.94
-13.94
-14.00
-14.00
-14.00
-14.06
-14.06
-14.06
-14.06
-14.13
-14.13
-14.13
-14.13
-14.19
-14.19
-14.19
-14.19
-14.19
-14.19
-14.25
-14.25
-14.25
-14.25
-14.25
-14.25
-14.25
-14.31
-14.31
-14.31
-14.31
-14.38
-14.38
-14.38
-14.38
-14.38
-14.44
-14.44
-14.44
-14.44
-14.44
-14.50
-14.50
-14.50
-14.50
-14.50
-14.56
-14.56
-14.56
-14.56
-14.63
-14.63
-14.63
-14.63
-14.63
-14.69
-14.69
-14.69
-14.69
-14.69
-14.75
-14.75
-14.75
-14.75
-14.75
-14.81
-14.81
-14.81
-14.81
-14.81
-14.81
-14.88
-14.88
-14.88
-14.88
-14.94
-14.94
-14.94
-14.94
-14.94
-14.94
-14.94
-15.00
-15.00
-15.00
-15.06
-15.06
-15.06
-15.06
-15.06
-15.06
-15.06
-15.13
-15.13
-15.13
-15.13
-15.13
-15.13
-15.13
-15.19
-15.19
-15.19
-15.19
-15.19
-15.19
-15.25
-15.25
-15.25
-15.25
-15.25
-15.25
-15.25
-15.31
-15.31
-15.31
-15.31
-15.31
-15.38
-15.38
-15.38
-15.38
-15.38
-15.38
-15.44
-15.44
-15.44
-15.44
-15.44
-15.44
-15.50
-15.50
-15.50
-15.50
-15.50
-15.50
-15.56
-15.56
-15.56
-15.56
-15.56
-15.56
-15.56
-15.56
-15.63
-15.63
-15.63
-15.63
-15.63
-15.63
-15.63
-15.69
-15.69
-15.69
-15.69
-15.69
-15.69
-15.69
-15.69
-15.69
-15.75
-15.75
-15.75
-15.75
-15.75
-15.75
-15.75
-15.75
-15.75
-15.81
-15.81
-15.81
-15.81
-15.81
-15.88
-15.88
-15.88
-15.88
-15.88
-15.88
-15.88
-15.94
-15.88
-15.94
-15.94
-15.94
-15.94
-15.94
-15.94
-15.94
-16.00
-16.00
-16.00
-16.00
-16.00
-16.00
-16.00
-16.00
-16.06
-16.06
-16.06
-16.06
-16.12
-16.12
-16.12
-16.12
-16.12
-16.12
-16.12
-16.12
-16.12
-16.12
-16.19
-16.19
-16.19
-16.19
-16.19
-16.19
-16.25
-16.25
-16.25
-16.25
-16.25
-16.25
-16.25
-16.25
-16.25
-16.31
-16.31
-16.31
-16.31
-16.31
-16.31
-16.31
-16.31
-16.31
-16.31
-16.31
-16.31
-16.37
-16.37
-16.37
-16.37
-16.37
-16.37
-16.37
-16.44
-16.44
-16.44
-16.44
-16.44
-16.44
-16.44
-16.44
-16.44
-16.50
-16.50
-16.50
-16.50
-16.50
-16.50
-16.50
-16.56
-16.56
-16.56
-16.56
-16.56
-16.50
-16.56
-16.56
-16.56
-16.56
-16.56
-16.56
-16.56
-16.62
-16.62
-16.62
-16.62
-16.62
-16.62
-16.62
-16.62
-16.62
-16.62
-16.62
-16.69
-16.69
-16.69
-16.69
-16.69
-16.69
-16.69
-16.69
-16.69
-16.69
-16.75
-16.75
-16.75
-16.75
-16.75
-16.75
-16.75
-16.75
-16.75
-16.75
-16.75
-16.81
-16.81
-16.81
-16.81
-16.81
-16.81
-16.81
-16.81
-16.81
-16.81
-16.81
-16.81
-16.81
-16.87
-16.87
-16.87
-16.87
-16.87
-16.87
-16.87
-16.87
-16.87
-16.94
-16.94
-16.94
-16.94
-16.94
-16.94
-16.94
-17.00
-17.00
-17.00
-17.00
-17.00
-17.00
-17.00
-17.00
-17.00
-16.94
-16.94
-16.94
-16.94
-16.94
-16.94
-16.94
-16.94
-16.94
-16.94
-16.94
-16.87
-16.87
-16.87
-16.87
-16.87
-16.87
-16.87
-16.81
-16.81
-16.81
-16.81
-16.81
-16.75
-16.75
-16.75
-16.75
-16.69
-16.69
-16.69
-16.69
-16.62
-16.62
-16.62
-16.62
-16.62
-16.56
-16.56
-16.56
-16.56
-16.50
-16.50
-16.44
-16.44
-16.44
-16.44
-16.37
-16.37
-16.37
-16.31
-16.31
-16.31
-16.31
-16.25
-16.25
-16.19
-16.19
-16.19
-16.12
-16.12
-16.12
-16.06
-16.06
-16.00
-16.00
-16.00
-15.94
-15.94
-15.94
-15.88
-15.88
-15.81
-15.81
-15.81
-15.75
-15.69
-15.63
-15.50
-15.44
-15.44
-15.38
-15.31
-15.31
-15.25
-15.25
-15.25
-15.19
-15.19
-15.13
-15.13
-15.13
-15.06
-15.00
-15.00
-15.00
-14.94
-14.94
-14.94
-14.88
-14.81
-14.81
-14.81
-14.81
-14.75
-14.75
-14.75
-14.69
-14.69
-14.63
-14.63
-14.63
-14.63
-14.56
-14.56
-14.56
-14.50
-14.50
-14.50
-14.44
-14.44
-14.44
-14.44
-14.38
-14.38
-14.38
-14.31
-14.31
-14.31
-14.31
-14.25
-14.25
-14.25
-14.25
-14.19
-14.19
-14.19
-14.13
-14.13
-14.13
-14.13
-14.13
-14.06
-14.06
-14.06
-14.00
-14.00
-14.00
-14.00
-14.00
-14.00
-13.94
-13.94
-13.94
-13.94
-13.88
-13.88
-13.88
-13.88
-13.88
-13.81
-13.81
-13.81
-13.81
-13.75
-13.75
-13.75
-13.75
-13.75
-13.75
-13.69
-13.69
-13.69
-13.69
-13.69
-13.63
-13.63
-13.63
-13.63
-13.63
-13.63
-13.56
-13.56
-13.56
-13.56
-13.56
-13.50
-13.50
-13.50
-13.50
-13.50
-13.44
-13.44
-13.44
-13.44
-13.44
-13.44
-13.44
-13.38
-13.38
-13.38
-13.31
-13.25
-13.25
-13.25
-13.25
-13.19
-13.19
-13.19
-13.19
-13.13
-13.13
-13.13
-13.13
-13.06
-13.06
-13.06
-13.06
-13.06
-13.06
-13.00
-13.00
-13.06
-13.00
-13.00
-13.00
-13.00
-13.06
-13.06
-13.06
-13.06
-13.06
-13.06
-13.06
-13.06
-13.13
-13.13
-13.13
-13.13
-13.13
-13.19
-13.19
-13.19
-13.25
-13.25
-13.25
-13.31
-13.31
-13.31
-13.31
-13.31
-13.31
-13.38
-13.38
-13.38
-13.44
-13.44
-13.44
-13.50
-13.50
-13.50
-13.56
-13.56
-13.56
-13.63
-13.63
-13.63
-13.69
-13.69
-13.69
-13.69
-13.75
-13.75
-13.75
-13.81
-13.81
-13.81
-13.88
-13.88
-13.88
-13.94
-13.94
-14.00
-14.00
-14.00
-14.00
-14.06
-14.06
-14.06
-14.13
-14.13
-14.13
-14.13
-14.19
-14.19
-14.19
-14.06
-13.81
-13.69
-13.63
-13.63
-13.56
-13.56
-13.63
-13.63
-13.63
-13.63
-13.69
-13.69
-13.75
-13.75
-13.81
-13.81
-13.88
-13.88
-13.88
-13.38
-13.25
-13.19
-13.00
-12.94
-12.88
-12.88
-12.88
-12.88
-12.88
-12.88
-12.94
-12.94
-12.94
-13.00
-13.00
-13.00
-13.06
-13.06
-13.06
-13.06
-13.13
-13.13
-13.13
-13.13
-13.13
-13.13
-13.13
-13.13
-13.13
-13.13
-13.19
-13.19
-13.19
-13.19
-13.19
-13.19
-13.25
-13.25
-13.25
-13.25
-13.25
-13.25
-13.25
-13.31
-13.31
-13.31
-13.31
-13.31
-13.31
-13.31
-13.38
-13.38
-13.38
-13.38
-13.38
-13.44
-13.44
-13.44
-13.50
-13.50
-13.50
-13.50
-13.56
-13.56
-13.56
-13.56
-13.63
-13.63
-13.63
-13.63
-13.69
-13.69
-13.69
-13.69
-13.69
-13.75
-13.75
-13.75
-13.75
-13.81
-13.81
-13.81
-13.88
-13.88
-13.88
-13.88
-13.94
-13.94
-13.94
-13.94
-14.00
-14.00
-14.00
-14.00
-14.06
-14.06
-14.13
-14.13
-14.13
-14.13
-14.13
-14.13
-14.19
-14.19
-14.19
-14.19
-14.25
-14.25
-14.25
-14.25
-14.31
-14.31
-14.31
-14.31
-14.31
-14.38
-14.38
-14.38
-14.38
-14.38
-14.44
-14.44
-14.44
-14.44
-14.44
-14.44
-14.50
-14.06
-12.81
-10.44
-7.94
-5.44
-3.44
-1.75
-0.81
0.00
0.56
1.12
1.56
2.06
2.50
2.87
3.25
3.62
3.94
4.25
4.56
4.87
5.19
5.50
5.81
6.12
6.37
6.62
6.87
7.12
7.44
7.69
7.94
8.13
8.38
8.63
8.81
9.06
9.25
9.44
9.63
9.81
10.06
10.25
10.44
10.63
10.75
10.94
11.13
11.31
11.50
11.63
11.81
12.00
12.13
12.31
12.50
12.69
12.88
13.06
13.25
13.38
13.50
13.69
13.81
13.94
14.06
14.25
14.38
14.50
14.63
14.75
14.88
14.94
15.06
15.19
15.31
15.44
15.56
15.63
15.75
15.88
15.94
16.06
16.12
16.25
16.31
16.44
16.50
16.62
16.69
16.81
16.87
16.94
17.00
17.12
17.19
17.25
17.37
17.44
17.50
17.56
17.69
17.75
17.75
17.81
17.94
18.00
18.06
18.12
18.19
18.25
18.31
18.37
18.44
18.44
18.50
18.56
18.62
18.62
18.69
18.75
18.75
18.81
18.87
18.94
19.00
19.00
19.12
19.19
19.19
19.31
19.37
19.50
19.62
19.69
19.75
19.81
19.94
20.00
20.06
20.19
20.19
20.31
20.37
20.44
20.50
20.56
20.62
20.69
20.75
20.81
20.87
20.87
20.94
21.00
21.06
21.12
21.19
21.25
21.31
21.31
21.37
21.44
21.50
21.56
21.56
21.62
21.69
21.75
21.75
21.81
21.87
21.87
21.94
22.00
22.06
22.06
22.12
22.12
22.19
22.25
22.31
22.31
22.37
22.37
22.44
22.50
22.50
22.56
22.56
22.62
22.62
22.69
22.69
22.75
22.81
22.81
22.81
22.87
22.94
22.94
22.94
23.00
23.00
23.06
23.06
23.12
23.12
23.19
23.19
23.19
23.25
23.31
23.31
