31.28	31.90
31.12	31.78
31.01	32.21
30.75	31.86
30.45	32.77
30.33	31.15
30.26	30.87
30.34	30.60
30.34	30.40
30.53	30.48
30.83	30.44
30.96	30.71
31.25	30.75
31.35	30.87
31.43	30.75
31.28	30.91
31.16	30.71
31.22	30.91
31.46	30.71
31.84	31.39
31.92	31.62
32.03	31.78
32.07	31.78
31.70	31.98
31.57	32.06
31.42	32.06
31.28	31.78
31.06	32.21
30.95	32.29
30.86	31.94
30.64	31.74
30.54	31.43
30.58	31.27
30.64	31.23
30.71	31.15
31.06	31.15
31.33	31.15
31.40	31.31
31.32	30.99
31.33	31.35
31.26	31.39
31.29	31.54
31.55	31.74
31.66	31.94
31.77	32.18
31.74	32.18
31.56	32.10
31.38	31.86
31.31	31.78
31.38	31.94
31.22	31.62
31.02	30.87
31.08	31.78
31.43	31.46
31.73	31.58
31.87	31.90
31.87	32.14
31.88	32.41
31.93	32.45
32.09	32.41
32.25	31.15
32.21	32.25
31.96	32.06
31.76	31.74
31.66	31.82
31.80	31.50
32.08	31.62
32.30	32.14
32.49	31.70
32.57	31.94
32.60	32.18
32.64	31.86
32.70	32.37
32.71	32.10
32.70	32.02
32.64	32.06
32.51	32.10
32.35	31.98
32.06	32.06
31.68	32.10
31.32	32.29
31.03	31.74
30.82	31.50
30.68	31.74
30.59	31.50
30.56	31.58
30.55	31.46
30.60	31.70
30.68	32.41
30.91	32.06
31.17	31.27
31.47	31.74
31.84	30.68
32.07	31.74
32.09	31.82
32.12	31.82
32.19	31.94
32.32	32.41
32.44	31.62
32.39	31.66
32.24	31.94
32.13	32.14
32.07	32.02
31.93	32.21
31.77	32.49
31.68	32.41
31.70	33.20
31.68	32.41
31.63	32.41
31.77	31.66
32.06	32.69
32.13	32.57
32.14	32.49
32.09	32.33
31.92	32.25
31.67	32.33
31.48	32.21
31.32	32.33
31.24	32.18
31.35	32.02
31.38	31.86
31.25	31.90
31.16	31.58
31.38	31.70
31.74	31.74
31.96	32.02
31.83	32.21
31.68	32.21
31.60	31.98
31.51	32.10
31.47	30.91
31.33	32.33
31.24	32.21
31.16	32.21
31.14	32.21
31.35	32.65
31.43	32.14
31.32	31.94
31.24	31.78
31.18	31.82
31.17	31.66
31.31	31.03
31.45	32.14
31.53	32.18
31.57	32.29
31.51	32.25
31.64	32.14
31.80	32.25
31.87	32.06
31.77	32.10
31.58	31.94
31.38	31.90
31.36	31.78
31.51	31.62
31.45	30.48
31.57	31.58
31.69	31.74
31.61	31.74
31.57	31.78
31.77	32.49
32.02	31.86
31.99	32.14
31.76	32.14
31.54	31.98
31.50	32.10
31.41	32.69
31.26	32.65
31.18	32.18
31.25	32.06
31.32	32.06
31.25	32.06
31.29	31.46
31.27	31.62
31.32	31.98
31.32	32.14
31.41	32.10
31.59	32.25
31.67	32.21
31.58	32.53
31.43	31.23
31.28	32.29
31.20	32.33
31.28	32.29
31.44	32.21
31.45	31.27
31.48	32.53
31.61	32.18
31.73	32.18
31.75	32.33
31.80	32.45
31.86	32.45
31.83	32.57
31.78	32.57
31.82	32.37
31.91	33.04
31.75	32.33
31.83	33.00
31.98	32.33
31.96	32.57
31.94	32.61
31.86	32.77
31.76	32.69
31.83	32.69
31.91	32.57
31.76	32.33
31.51	32.14
31.30	32.02
31.16	31.50
31.09	32.96
31.17	31.94
31.41	32.06
31.54	32.06
31.66	32.02
31.73	31.94
31.73	32.57
31.63	31.90
31.51	32.14
31.45	33.52
31.48	32.10
31.44	31.90
31.52	31.98
31.73	32.14
31.86	32.37
31.81	32.33
31.68	32.29
31.65	32.37
31.63	32.57
31.65	32.57
31.53	32.61
31.35	32.45
31.19	32.29
31.09	31.66
31.04	31.78
31.05	31.86
31.04	31.58
31.07	31.66
31.29	31.66
31.60	31.70
31.82	31.82
31.76	31.54
31.62	31.66
31.55	31.54
31.66	31.82
31.83	31.86
32.08	31.66
32.12	32.02
32.17	32.96
32.09	32.53
32.04	31.66
32.01	32.73
31.98	32.85
31.97	33.52
32.01	33.04
32.15	32.89
32.28	32.77
32.28	32.77
32.29	33.08
32.18	32.29
31.95	32.10
31.82	32.18
32.04	32.10
32.04	32.06
31.92	32.10
31.83	32.06
31.87	32.25
31.83	32.57
31.88	31.98
32.01	32.02
32.21	32.14
32.41	32.14
32.51	32.37
32.50	32.06
32.36	32.21
32.16	31.58
31.99	31.78
31.87	32.53
31.82	32.06
31.89	32.18
32.02	32.33
32.25	31.98
32.48	32.21
32.60	32.21
32.64	32.14
32.64	32.10
32.52	32.10
32.40	32.14
32.28	31.94
32.09	31.86
31.84	31.66
31.60	31.78
31.45	31.82
31.36	31.70
31.24	31.70
31.14	32.53
31.06	31.43
31.01	31.62
31.06	31.43
31.28	31.54
31.46	31.54
31.59	31.74
31.66	31.62
31.67	31.82
31.67	31.54
31.61	31.74
31.53	31.74
31.45	31.74
31.34	31.50
31.19	31.62
31.06	31.31
30.99	31.35
31.01	31.19
30.93	31.23
30.91	31.23
31.10	31.94
31.25	31.35
31.33	31.27
31.33	31.19
31.34	31.23
31.31	31.27
31.25	31.31
31.23	30.91
31.27	31.39
31.35	31.19
31.32	31.35
31.30	31.23
31.35	31.50
31.28	31.35
31.20	31.39
31.16	30.71
31.14	31.31
31.11	30.99
31.04	31.11
31.00	30.44
30.97	31.15
30.96	31.15
30.93	31.15
30.89	31.07
30.87	30.95
30.87	30.99
30.87	30.99
30.87	30.99
30.94	30.79
30.89	30.99
30.83	30.87
30.79	31.31
30.79	30.91
30.74	30.87
30.72	30.87
30.71	30.83
30.67	30.68
30.65	30.64
30.60	30.71
30.54	30.60
30.61	30.79
30.74	30.79
30.80	30.71
30.74	30.64
30.65	30.64
30.58	30.56
30.55	30.60
30.50	30.48
30.51	31.39
30.46	30.60
30.45	30.60
30.42	30.12
30.31	30.40
30.25	30.48
30.29	30.71
30.29	30.36
30.24	30.52
30.37	30.32
30.48	30.48
30.55	30.32
30.54	30.20
30.55	30.04
30.47	30.28
30.43	30.20
30.36	30.28
30.26	30.24
30.26	29.45
30.29	30.24
30.29	30.28
30.45	30.16
30.37	30.28
30.32	30.24
30.38	30.60
30.49	30.40
30.52	30.32
30.45	30.28
30.34	30.16
30.35	30.28
30.43	30.28
30.38	30.20
30.25	29.61
30.19	30.08
30.25	30.08
30.33	30.00
30.42	30.24
30.32	29.92
30.11	29.89
30.02	30.04
30.01	29.85
29.93	29.96
29.87	29.85
29.86	29.96
29.90	29.85
29.77	29.77
29.87	29.92
29.93	29.89
29.84	29.81
29.68	29.81
29.67	29.73
29.63	29.73
29.51	29.61
29.44	29.61
29.40	29.49
29.39	29.49
29.41	29.57
29.42	29.53
29.41	29.96
29.40	29.41
29.46	29.85
29.52	29.61
29.51	29.69
29.48	29.69
29.45	29.57
29.48	29.61
29.44	29.37
29.32	29.49
29.26	29.45
29.23	29.37
29.23	29.53
29.22	29.49
29.13	28.62
29.11	29.37
29.15	29.57
29.26	29.53
29.32	29.92
29.32	29.17
29.26	29.33
29.17	29.37
29.09	29.25
29.02	29.37
28.96	29.29
28.91	29.45
28.90	29.06
28.91	29.57
28.95	29.37
29.01	29.10
29.10	29.25
29.26	29.10
29.30	29.37
29.28	29.77
29.26	29.29
29.24	29.33
29.26	29.29
29.29	29.41
29.19	29.45
29.06	28.07
28.97	29.41
28.93	29.14
28.93	29.10
28.95	29.10
28.99	29.37
28.97	29.37
28.97	29.45
28.89	29.96
28.80	29.49
28.71	29.57
28.71	30.28
28.75	29.49
28.68	29.29
28.58	28.98
28.57	29.02
28.58	29.06
28.60	29.65
28.61	28.94
28.54	29.06
28.41	29.02
28.48	29.14
28.52	29.06
28.51	29.06
28.51	29.21
28.58	29.06
28.60	29.10
28.56	29.06
28.54	29.10
28.48	29.33
28.37	28.98
28.33	28.82
28.33	28.90
28.33	28.70
28.32	28.70
28.37	28.86
28.44	28.86
28.44	28.82
28.46	28.86
28.48	28.86
28.45	28.03
28.42	28.90
28.37	28.94
28.31	29.17
28.24	28.86
28.23	29.06
28.19	29.14
28.14	28.70
28.11	28.82
28.11	28.58
28.10	28.50
28.07	28.62
28.03	28.66
27.98	28.58
27.96	28.54
27.98	28.66
27.99	28.58
28.00	28.66
28.06	28.50
28.05	28.39
27.91	28.27
27.87	28.62
27.89	28.19
27.90	28.11
27.91	28.23
27.97	28.15
27.99	28.42
28.08	28.39
28.10	28.42
28.10	27.36
28.06	28.27
28.02	28.35
28.01	28.15
28.00	28.03
28.03	28.90
28.07	28.42
28.20	28.39
28.25	28.54
28.07	28.62
27.97	28.54
27.93	28.54
27.91	28.50
27.88	28.58
27.84	28.35
27.81	28.46
27.78	27.44
27.75	28.27
27.74	27.64
27.73	27.99
27.73	28.11
27.74	28.11
27.84	28.03
27.97	28.23
28.09	28.86
28.23	27.40
28.27	28.54
28.23	28.70
28.15	28.78
28.16	28.74
28.23	28.66
28.27	28.62
28.26	28.46
28.17	28.46
28.14	28.50
28.08	28.70
28.05	28.62
28.02	28.62
27.94	28.78
27.78	29.14
27.58	28.39
27.47	28.42
27.33	28.78
27.20	28.03
27.17	27.75
27.20	27.83
27.33	27.83
27.46	27.79
27.52	27.95
27.56	28.23
27.80	28.23
28.03	28.39
28.12	28.54
28.19	28.62
28.34	28.46
28.39	28.70
28.37	28.39
28.33	28.62
28.32	28.54
28.39	28.62
28.53	28.74
28.63	28.74
28.64	28.86
28.58	28.74
28.60	28.82
28.59	28.70
28.61	28.19
28.66	28.90
28.63	28.78
28.51	28.74
28.42	27.60
28.37	28.74
28.34	28.58
28.38	29.45
28.58	28.78
28.74	28.98
28.87	29.02
28.93	29.10
28.92	29.14
28.79	29.57
28.71	29.06
28.46	28.82
28.61	28.94
29.06	29.02
29.00	29.14
28.81	29.14
28.86	28.15
28.83	29.14
28.55	29.06
28.45	28.82
28.49	28.78
28.48	28.78
28.50	29.45
28.96	28.98
29.22	29.17
28.87	29.21
28.99	29.21
29.16	29.33
29.12	29.29
29.28	29.45
29.19	29.37
29.13	29.06
29.32	29.45
29.35	29.53
29.77	29.81
30.06	30.00
30.08	29.89
30.03	29.69
29.85	29.77
29.87	29.65
29.87	29.89
30.09	30.00
30.01	29.89
30.34	30.00
30.64	30.36
30.77	30.52
30.83	31.15
30.77	30.56
30.77	30.95
30.76	30.56
30.67	30.60
30.93	30.68
31.06	30.75
31.18	30.91
31.16	30.08
31.24	30.91
31.42	30.91
31.73	31.27
31.71	31.35
31.68	31.19
31.47	31.11
31.63	31.31
31.86	31.46
31.99	31.23
32.04	31.58
32.14	31.54
32.26	31.58
32.51	31.03
32.64	31.78
32.64	31.90
32.62	32.18
32.79	32.57
32.54	32.65
32.36	32.49
32.33	32.14
32.69	32.10
32.88	32.10
32.91	32.29
33.00	32.89
32.94	32.21
32.88	32.25
32.70	32.18
32.80	32.18
32.46	32.06
30.64	31.39
28.58	30.24
27.03	29.10
26.01	28.03
25.88	27.40
26.08	27.16
26.46	27.12
26.36	26.77
25.56	26.65
24.97	26.17
24.88	25.82
24.98	25.70
25.13	25.70
25.11	25.58
25.02	25.58
25.25	25.58
25.53	25.62
25.69	25.58
25.72	25.82
25.87	25.94
26.01	26.06
26.05	26.10
26.04	26.14
25.99	26.10
26.65	26.37
27.67	26.77
28.55	27.40
28.88	27.75
28.95	28.11
28.95	28.15
28.81	28.19
28.68	28.31
28.52	28.03
28.29	28.03
28.14	28.07
28.06	27.91
27.84	27.79
27.58	27.60
27.37	27.28
27.26	27.28
27.46	27.36
27.71	27.40
27.86	27.52
27.89	27.60
27.75	27.87
27.54	27.32
27.39	27.20
27.39	27.20
27.42	27.40
27.37	27.32
27.29	27.56
27.16	26.69
27.05	27.44
27.04	27.44
26.97	27.28
26.81	27.28
26.67	27.04
26.55	27.12
26.48	26.21
26.45	27.60
26.46	27.00
26.50	27.00
26.53	26.96
26.50	26.33
26.52	26.96
26.61	26.85
26.74	27.00
26.94	26.92
27.03	27.44
27.05	27.24
27.10	27.48
27.14	27.40
27.36	27.71
27.71	27.48
27.82	27.52
28.03	27.44
28.29	27.48
28.27	27.75
28.29	27.99
28.48	28.19
28.57	28.35
28.55	28.27
28.43	28.50
28.27	28.39
28.05	28.46
27.82	28.78
27.62	28.11
27.46	28.03
27.35	27.64
27.35	27.91
27.62	27.87
27.94	27.83
28.16	27.95
28.32	28.19
28.36	28.23
28.27	28.11
28.11	28.31
27.95	28.39
27.84	28.07
27.76	28.11
27.68	27.95
27.65	27.99
27.75	28.19
27.94	28.27
28.17	28.70
28.43	28.66
28.70	28.66
28.92	28.74
29.13	28.86
29.35	29.02
29.54	29.37
29.68	29.33
29.75	29.53
29.81	29.49
29.84	29.65
29.82	29.81
29.77	29.73
29.69	30.00
29.58	29.81
29.31	30.00
28.78	29.73
28.26	29.49
27.90	29.14
27.68	28.90
27.58	29.02
27.59	28.86
27.63	28.90
27.64	28.70
27.59	28.78
27.54	28.42
27.48	28.54
27.45	28.54
27.48	28.46
27.56	28.23
27.71	28.27
27.87	28.19
28.02	27.71
28.13	28.11
28.21	27.99
28.22	28.35
28.14	28.35
28.07	27.48
28.04	28.54
28.12	29.02
28.20	28.70
28.29	28.90
28.42	28.94
28.60	28.98
28.82	29.17
29.06	29.29
29.37	29.53
29.68	29.65
29.96	28.90
30.19	29.77
30.32	30.08
30.32	30.08
30.24	30.28
30.14	30.32
30.05	30.40
29.86	30.28
29.58	30.24
29.42	30.04
29.42	30.16
29.16	30.24
28.81	30.08
29.32	30.40
30.25	30.79
30.91	31.35
31.41	31.62
32.00	32.10
32.44	32.21
32.44	31.39
32.07	31.98
31.65	31.62
31.45	31.70
31.53	31.86
31.18	31.94
30.33	31.35
29.77	30.99
29.36	30.64
29.22	30.36
29.36	30.24
29.64	30.24
29.98	30.36
30.48	30.71
30.99	30.79
31.30	30.87
31.47	30.91
31.55	31.07
31.57	31.07
31.45	31.19
31.23	30.99
31.01	30.79
30.76	30.68
30.42	30.68
30.06	30.60
29.74	30.52
29.59	30.32
29.56	30.28
29.55	30.28
29.40	30.16
29.10	29.92
28.68	29.89
28.52	29.65
28.68	29.57
28.66	29.41
28.52	29.25
28.55	29.89
28.71	29.29
28.90	29.85
29.09	29.37
29.20	29.37
29.26	29.53
29.32	29.77
29.24	29.77
29.05	30.16
28.99	29.45
28.97	30.04
28.94	30.12
28.97	30.12
29.25	28.94
29.55	29.73
29.70	30.08
29.73	30.00
29.71	30.68
29.67	30.08
29.66	30.00
29.64	29.92
29.64	29.89
29.61	29.85
29.61	29.81
29.64	30.79
29.69	30.20
29.80	30.40
29.93	30.48
30.07	30.16
30.23	30.56
30.42	30.56
30.54	30.60
30.54	30.71
30.45	30.64
30.35	30.95
30.32	30.60
30.31	29.37
30.25	31.62
30.09	30.44
29.74	30.20
29.39	30.16
29.10	30.04
28.89	30.56
28.74	29.61
28.67	29.57
28.65	29.41
28.65	29.45
28.70	29.49
28.81	29.61
28.93	29.49
29.05	29.69
29.17	29.65
29.29	29.77
29.35	29.92
29.52	29.96
29.68	30.04
29.67	30.08
29.59	30.24
29.53	30.16
29.49	30.08
29.53	30.04
29.62	30.08
29.75	30.16
29.87	30.04
29.94	30.16
30.00	30.91
30.09	30.48
30.21	30.28
30.34	30.40
30.45	30.40
30.53	30.40
30.58	30.48
30.58	30.52
30.57	30.60
30.54	30.60
30.54	30.40
30.54	31.78
30.44	31.07
30.25	30.28
30.00	30.20
29.74	29.96
29.51	29.81
29.27	29.61
28.98	29.69
28.75	29.49
28.67	29.29
28.70	29.14
28.83	29.29
28.87	29.25
28.93	28.62
28.97	29.14
28.99	29.41
29.03	29.41
29.11	29.37
29.20	29.45
29.32	28.66
29.48	29.61
29.59	29.81
29.58	29.49
29.37	28.35
29.15	29.57
29.06	29.33
29.14	29.17
29.04	29.25
29.14	29.33
29.12	29.33
28.78	29.10
28.58	29.02
28.84	29.21
29.19	29.45
30.42	29.69
31.07	30.04
30.83	30.16
30.58	30.00
31.03	29.17
31.25	30.68
32.73	31.27
33.92	32.14
34.94	32.93
36.07	33.68
37.24	34.39
37.59	35.10
37.24	35.33
36.08	35.77
34.77	35.02
33.65	34.82
32.72	33.71
32.92	33.44
32.91	33.28
32.99	32.89
32.89	32.73
32.64	32.53
32.35	32.10
32.17	32.14
32.32	32.14
32.51	32.45
32.49	32.53
31.28	32.14
30.37	32.33
29.64	30.95
29.48	30.44
29.51	30.32
30.19	30.16
30.53	30.36
30.98	30.24
31.20	30.83
31.00	30.75
30.91	30.68
30.92	30.91
31.18	31.35
31.64	31.82
32.01	31.58
33.01	32.41
33.92	32.73
34.41	33.36
33.99	33.28
33.49	33.32
33.57	33.52
33.86	33.52
33.86	33.52
33.66	33.75
33.54	33.20
33.37	33.08
33.18	32.49
33.04	32.81
32.97	32.69
32.88	32.73
32.69	32.49
32.46	32.61
32.32	32.53
32.21	32.49
32.09	32.49
31.95	31.19
31.71	32.02
31.49	31.70
31.37	31.86
31.28	32.06
31.25	32.10
31.32	31.74
31.25	31.58
31.00	31.23
30.81	31.11
30.71	30.95
30.52	31.03
30.51	30.91
30.55	30.99
30.59	30.99
30.56	30.87
30.55	30.83
31.14	31.54
32.06	31.58
33.45	33.00
34.65	33.71
35.88	34.94
36.79	35.45
37.37	36.16
37.60	36.44
37.63	36.60
37.18	36.36
36.26	36.00
35.38	35.53
34.83	35.06
34.56	34.86
34.39	34.50
34.24	34.90
34.02	34.15
33.80	33.87
33.60	33.87
33.34	33.48
33.02	33.00
32.76	33.68
32.60	32.81
32.42	32.77
32.21	32.45
31.96	32.21
31.70	32.29
31.47	31.98
31.29	31.74
31.15	31.58
31.03	31.43
31.01	31.27
31.03	31.27
31.08	31.19
30.83	31.07
30.49	30.91
30.11	30.68
29.79	30.44
29.58	30.24
29.61	30.20
29.71	30.08
29.84	29.25
29.98	30.40
30.06	30.20
30.14	30.36
30.27	30.40
30.38	30.75
30.48	30.56
30.54	30.71
30.59	30.79
30.62	30.71
30.67	30.71
30.70	30.79
30.73	30.91
30.72	30.28
30.64	30.75
30.52	30.75
30.39	30.56
30.32	30.60
30.19	30.60
29.89	30.44
29.59	30.00
29.35	29.92
29.10	29.73
28.87	29.61
28.68	29.33
28.57	29.29
28.54	29.49
28.55	29.53
28.62	29.02
28.79	29.21
29.00	29.25
29.23	29.53
29.51	29.53
29.83	29.77
30.15	30.60
30.48	30.24
30.39	30.28
29.90	30.12
29.47	29.89
29.17	29.73
28.95	29.57
28.80	29.53
28.73	29.29
28.78	29.37
28.88	29.49
28.87	29.41
28.69	29.25
28.52	29.17
28.44	29.06
28.46	28.98
28.55	29.25
28.70	29.14
28.89	29.14
29.22	29.25
29.08	29.37
28.78	29.25
28.59	29.06
28.53	29.53
28.55	29.53
28.55	29.10
28.63	29.14
28.79	29.33
29.00	29.29
29.19	29.49
29.31	29.57
29.37	29.49
29.42	29.53
29.48	29.61
29.55	29.61
29.64	29.77
29.71	29.89
29.71	29.85
29.63	30.20
29.55	29.73
29.48	29.77
29.43	29.89
29.39	29.61
29.36	29.81
29.35	29.73
29.34	29.65
29.34	29.65
29.35	29.65
29.34	29.57
29.34	29.65
29.32	29.57
29.31	29.53
29.29	29.49
29.29	29.53
29.28	29.81
29.29	29.49
29.29	29.57
29.32	29.61
29.33	29.61
29.34	29.53
29.35	30.12
29.33	29.49
29.32	29.02
29.29	29.49
29.29	29.53
29.29	29.53
29.29	28.90
29.29	29.53
29.28	29.49
29.26	30.04
29.25	29.49
29.26	29.57
29.29	29.61
29.37	29.41
29.44	29.57
29.51	29.49
29.57	29.45
29.60	29.61
29.62	29.49
29.66	29.65
29.69	29.69
29.72	29.69
29.75	29.89
29.77	29.85
29.80	29.96
29.80	29.85
29.81	29.96
29.77	29.96
29.76	30.44
29.76	30.00
29.77	29.85
29.80	29.77
29.84	29.92
29.87	30.00
29.90	30.08
29.92	30.16
29.96	30.08
29.95	30.08
29.92	30.16
29.90	31.11
29.90	30.04
29.88	30.08
29.84	30.04
29.79	30.04
29.74	29.96
29.70	30.08
29.64	29.77
29.61	30.00
29.58	30.04
29.59	28.94
29.61	29.89
29.63	29.85
29.64	30.00
29.63	29.69
29.60	29.73
29.57	29.49
29.55	29.73
29.51	29.65
29.51	29.69
29.48	29.21
29.48	29.81
29.48	29.61
29.49	29.73
29.49	29.73
29.48	29.69
29.44	29.61
29.40	29.49
29.35	29.73
29.32	29.57
29.29	29.61
29.28	29.45
29.29	29.69
29.30	29.45
29.32	28.82
29.35	29.49
29.36	29.65
29.37	29.49
29.37	29.61
29.39	29.53
29.39	29.53
29.39	29.57
29.39	29.57
29.41	29.57
29.42	29.65
29.43	29.61
29.44	30.12
29.44	29.49
29.44	30.24
29.43	29.57
29.43	30.28
29.42	29.45
29.40	29.57
29.38	29.61
29.35	29.57
29.33	29.49
29.32	29.57
29.29	29.57
29.26	28.58
29.23	30.00
29.21	29.45
29.18	29.14
29.16	29.25
29.15	29.53
29.13	29.37
29.13	28.54
29.12	29.21
29.11	29.53
29.12	28.78
29.11	29.17
29.12	29.25
29.13	29.41
29.13	29.33
29.13	29.17
29.15	29.21
29.16	29.21
29.18	29.37
29.22	29.29
29.29	29.45
29.39	29.41
29.48	29.41
29.58	28.35
29.65	29.57
29.71	29.65
29.75	29.61
29.79	29.73
29.82	29.81
29.84	29.85
29.86	29.89
29.85	29.77
29.86	29.89
29.84	29.85
29.84	28.78
29.85	29.89
29.87	30.04
29.89	29.92
29.90	29.89
29.91	28.98
29.91	30.00
29.91	30.00
29.90	29.89
29.87	30.08
29.84	29.89
29.78	29.85
29.74	30.00
29.71	29.85
29.69	29.96
29.68	29.81
29.68	29.89
29.69	29.85
29.75	30.24
29.91	29.61
30.15	29.85
30.39	29.89
30.61	30.08
30.80	30.28
30.88	31.23
30.87	30.56
30.81	30.56
30.74	30.79
30.67	31.39
30.65	30.68
30.67	30.71
30.72	31.15
30.77	31.35
30.81	30.68
30.87	30.68
30.92	31.54
30.98	30.52
31.00	30.79
30.98	30.71
30.90	30.71
30.79	30.40
30.65	30.60
30.52	30.71
30.41	30.60
30.34	30.71
30.30	30.52
30.34	30.36
30.42	30.32
30.54	30.40
30.67	29.61
30.83	30.36
30.99	30.75
31.13	30.75
31.28	30.95
31.38	31.03
31.46	30.95
31.51	31.23
31.53	31.27
31.51	31.70
31.48	31.39
31.39	31.31
31.26	31.31
31.10	31.31
30.91	31.11
30.73	31.07
30.55	30.87
30.42	30.71
30.32	31.27
30.29	30.56
30.29	30.40
30.35	30.44
30.45	30.56
30.56	30.44
30.67	30.48
30.74	30.56
30.79	30.79
30.80	30.75
30.80	30.71
30.80	30.60
30.83	30.75
30.91	30.83
31.02	30.75
31.12	30.71
31.21	30.83
31.26	30.91
31.31	31.07
31.33	31.03
31.34	29.77
31.34	29.96
31.31	31.19
31.28	31.11
31.25	31.11
31.21	31.07
31.17	31.19
31.12	31.19
31.08	31.03
31.04	30.32
31.02	30.95
31.01	30.32
31.02	31.11
31.04	30.91
31.06	31.39
31.11	31.03
31.15	30.99
31.14	31.07
31.09	31.03
30.99	30.99
30.88	31.11
30.76	31.50
30.67	30.83
30.58	30.75
30.54	31.19
30.50	30.64
30.49	30.56
30.49	30.56
30.49	30.56
30.51	30.52
30.54	30.44
30.56	30.68
30.58	30.52
30.60	30.56
30.61	30.68
30.64	30.56
30.65	29.57
30.66	30.52
30.67	30.48
30.68	30.44
30.68	30.68
30.68	30.64
30.68	30.64
30.69	30.44
30.68	30.60
30.68	30.60
30.67	30.56
30.66	30.75
30.66	30.56
30.66	30.71
30.67	30.60
30.67	30.64
30.69	30.79
30.71	30.60
30.72	30.56
30.74	30.75
30.75	30.75
30.77	30.68
30.78	30.68
30.80	30.64
30.83	30.68
30.85	30.75
30.87	30.75
30.90	30.71
30.93	30.68
30.96	30.83
31.01	30.68
31.09	30.99
31.19	30.99
31.29	30.87
31.40	31.19
31.49	31.19
31.57	31.35
31.62	31.39
31.67	31.39
31.72	31.07
31.77	31.46
31.81	31.58
31.84	31.70
31.86	31.62
31.86	31.62
31.84	31.70
31.79	31.66
31.73	31.70
31.68	31.74
31.66	31.62
31.67	31.35
31.70	31.62
31.77	31.78
31.85	32.37
31.94	31.62
32.01	31.62
32.05	32.57
32.05	31.62
32.03	31.86
31.99	31.78
31.96	31.86
31.92	31.86
31.86	31.86
31.83	31.86
31.78	32.57
31.74	31.78
31.71	31.86
31.69	31.66
31.68	31.66
31.67	31.62
31.71	31.74
31.78	31.66
31.87	31.86
31.97	31.66
32.06	31.78
32.11	31.82
32.15	31.82
32.17	32.10
32.15	31.62
32.13	31.74
32.09	31.46
32.04	31.90
31.98	31.82
31.93	31.90
31.89	32.49
31.86	31.82
31.85	32.53
31.85	31.39
31.85	31.78
31.86	31.94
31.88	32.57
31.88	31.86
31.88	31.86
31.88	31.82
31.87	31.70
31.89	31.74
31.90	31.90
31.93	31.90
31.94	31.82
31.96	31.78
31.98	31.78
31.99	31.86
31.99	31.94
31.99	31.90
31.98	31.90
31.98	31.90
31.97	31.82
31.95	31.98
31.92	31.94
31.89	31.94
31.89	31.94
31.91	31.94
31.95	31.82
31.98	31.46
32.00	31.90
32.02	31.98
32.03	31.94
32.04	32.61
32.06	32.10
32.09	32.41
32.15	31.86
32.22	32.10
32.29	31.74
32.37	32.29
32.45	32.10
32.52	32.29
32.57	32.29
32.59	32.33
32.57	31.27
32.54	32.41
32.48	32.33
32.43	32.33
32.41	31.35
32.39	32.29
32.40	32.41
32.41	32.29
32.43	32.21
32.44	32.18
32.46	32.25
32.45	32.37
32.44	32.37
32.44	32.29
32.41	32.37
32.38	32.33
32.35	32.33
32.31	32.25
32.27	32.14
32.22	32.10
32.18	32.33
32.14	32.18
32.10	32.18
32.06	32.18
32.02	32.06
31.99	32.10
31.96	32.10
31.94	31.98
31.93	31.82
31.91	32.06
31.89	32.06
31.87	31.82
31.86	31.98
31.84	31.82
31.85	31.98
31.86	31.86
31.88	31.90
31.90	31.90
31.94	31.86
31.98	31.94
32.02	31.70
32.04	32.61
32.06	31.78
32.07	32.29
32.07	31.86
32.06	31.94
32.06	31.70
32.06	32.14
32.06	31.94
32.09	31.86
32.15	32.02
32.24	32.02
32.35	32.18
32.45	32.21
32.54	32.25
32.61	32.89
32.66	32.49
32.70	32.45
32.73	32.65
32.74	32.49
32.73	32.57
32.73	32.57
32.73	32.61
32.69	32.61
32.60	33.40
32.48	32.53
32.34	32.45
32.21	32.29
32.09	32.29
31.98	32.25
31.90	32.10
31.83	32.10
31.83	31.94
31.90	31.94
32.02	31.98
32.14	32.02
32.27	31.98
32.37	32.33
32.45	33.32
32.51	32.29
32.57	32.37
32.61	32.41
32.65	32.57
32.67	32.61
32.68	32.69
32.68	32.57
32.67	32.73
32.64	32.61
32.61	32.61
32.57	32.73
32.54	32.69
32.53	32.61
32.54	32.29
32.55	32.61
32.57	32.53
32.60	32.49
32.63	32.57
32.67	32.49
32.69	32.45
32.70	32.53
32.72	32.57
32.73	32.57
32.73	31.82
32.74	32.57
32.74	32.61
32.74	32.61
32.75	32.69
32.74	32.73
32.72	32.81
32.70	32.77
32.67	32.65
32.65	32.65
32.67	32.61
32.68	32.61
32.70	32.57
32.72	32.57
32.73	32.61
32.74	32.81
32.73	32.53
32.70	32.69
32.67	32.69
32.63	32.65
32.62	32.69
32.62	32.65
32.64	33.32
32.67	32.65
32.68	32.49
32.68	32.73
32.66	32.73
32.61	32.57
32.55	32.57
32.51	32.65
32.48	32.45
32.48	32.33
32.51	32.45
32.54	32.61
32.59	32.57
32.63	32.61
32.67	32.61
32.70	32.53
32.72	32.41
32.76	32.73
32.80	32.69
32.85	32.77
32.89	33.20
32.93	31.50
32.96	33.36
33.02	32.77
33.07	32.93
33.12	32.96
33.15	32.96
33.17	32.73
33.16	33.04
33.13	33.04
33.09	33.00
33.04	33.00
32.99	33.12
32.98	33.08
33.00	33.95
33.06	32.89
33.14	33.00
33.21	32.96
33.24	33.00
33.25	32.96
33.25	32.93
33.22	32.21
33.20	33.08
33.17	33.04
33.13	33.08
33.10	32.77
33.09	33.04
33.10	32.96
33.13	32.93
33.20	32.02
33.28	33.08
33.39	33.08
33.49	33.12
33.57	33.12
33.60	33.12
33.62	33.44
33.61	33.79
33.58	33.36
33.53	33.32
33.47	33.36
33.38	33.20
33.31	33.44
33.22	33.24
33.13	33.24
33.05	33.68
32.98	33.12
32.93	33.08
32.86	32.93
32.83	32.93
32.80	32.85
32.79	32.96
32.80	32.77
32.84	32.69
32.86	32.85
32.86	32.85
32.86	32.93
32.83	32.77
32.80	32.85
32.77	32.81
32.75	32.69
32.74	32.49
32.74	32.77
32.74	33.12
32.74	32.77
32.73	32.73
32.72	32.73
32.69	32.89
32.67	31.90
32.65	32.65
32.64	32.65
32.65	32.61
32.67	32.73
32.70	33.32
32.75	32.57
32.80	32.49
32.86	32.81
32.90	32.73
32.95	32.81
32.99	31.58
33.02	32.73
33.07	32.81
33.11	32.96
33.12	33.48
33.76	33.16
34.37	33.64
34.62	33.95
34.65	34.03
34.78	34.11
35.05	34.47
35.25	34.58
35.44	34.74
35.57	35.10
35.57	34.98
35.61	34.98
35.56	35.10
35.47	35.06
35.35	33.79
35.23	35.02
35.25	35.10
35.25	34.82
35.26	35.02
35.27	34.94
35.30	34.94
35.43	35.10
35.55	35.06
35.62	35.02
35.66	35.18
35.73	35.85
35.77	35.41
35.78	35.93
35.76	35.49
35.79	35.33
35.82	35.41
35.79	35.49
35.73	35.33
35.70	35.37
35.69	35.77
35.66	35.29
35.65	35.29
35.65	35.45
35.65	35.29
35.66	35.49
35.66	36.28
35.69	35.41
35.74	35.18
35.76	35.93
35.76	35.37
35.76	35.45
35.76	35.45
35.73	35.25
35.64	36.08
35.47	35.29
35.27	34.74
35.01	35.61
34.84	34.82
34.73	34.74
34.67	34.58
34.71	34.70
34.84	34.74
34.99	34.94
35.13	34.82
35.26	34.98
35.38	34.98
35.46	34.86
35.53	35.02
35.62	35.10
35.68	35.10
35.72	35.33
35.74	35.25
35.75	35.37
35.73	35.57
35.69	35.29
35.66	35.10
35.66	35.37
35.64	35.29
35.64	35.37
35.64	35.37
35.64	34.35
35.64	35.41
35.67	35.29
35.76	34.86
35.84	35.45
35.92	35.14
35.98	35.65
35.98	34.62
35.97	35.65
35.96	35.45
35.98	35.65
36.05	35.61
36.11	35.85
36.16	37.74
36.21	35.77
36.25	36.24
36.27	36.32
36.27	35.89
36.20	35.89
36.38	36.24
36.60	35.93
36.72	35.41
36.79	36.32
36.69	36.24
36.55	36.52
36.63	36.64
36.71	36.60
36.77	36.48
36.82	36.48
36.85	36.40
36.86	36.91
36.86	36.56
36.86	36.20
36.87	36.44
36.91	36.56
36.94	36.68
36.92	36.64
36.85	36.68
36.82	37.23
36.82	36.64
36.92	36.60
37.10	36.72
37.19	36.64
37.33	36.87
37.47	36.87
37.57	36.99
37.63	37.03
37.75	37.11
37.80	37.19
37.80	37.19
37.82	36.32
37.82	37.54
37.74	36.56
37.75	37.70
37.77	37.58
37.78	37.35
37.75	37.19
37.69	37.35
37.59	37.35
37.48	37.19
37.47	37.15
37.38	36.28
37.23	37.03
37.05	36.75
36.94	36.91
36.88	37.47
36.88	36.72
36.90	36.72
36.92	36.60
36.93	36.32
36.96	37.15
37.00	36.68
37.05	36.68
37.07	36.72
37.04	36.68
36.94	36.48
36.85	36.64
36.76	36.56
36.66	37.07
36.64	36.60
36.68	37.03
36.73	36.16
36.83	36.44
36.94	36.83
37.01	36.52
37.06	36.64
37.08	36.52
37.08	36.56
37.06	37.31
37.05	37.35
37.03	36.64
36.98	36.00
36.89	36.68
36.82	36.44
36.77	36.68
36.75	36.64
36.75	36.60
36.73	36.60
36.63	36.48
36.53	36.95
36.52	36.87
36.53	36.24
36.54	37.11
36.55	36.20
36.56	36.52
36.56	36.24
36.58	36.16
36.59	36.24
36.58	36.44
36.53	36.32
36.46	36.24
36.40	36.28
36.36	36.32
36.31	36.20
36.28	36.08
36.25	36.79
36.23	36.08
36.20	36.72
36.15	36.00
36.09	36.08
36.05	36.08
36.03	35.89
36.02	35.77
35.98	35.77
35.95	35.97
35.93	34.90
35.93	35.69
35.98	35.77
36.04	35.18
36.08	35.89
36.11	35.93
36.13	35.89
36.14	36.04
36.14	36.52
36.16	35.89
36.18	35.93
36.19	36.00
36.18	36.48
36.20	35.93
36.22	35.93
36.24	35.49
36.24	35.81
36.24	35.85
36.26	36.08
36.29	36.08
36.32	36.04
36.34	35.97
36.34	36.32
36.34	34.94
36.33	36.16
36.32	36.08
36.30	35.97
36.28	36.16
36.27	36.24
36.26	36.00
36.25	36.04
36.23	36.04
36.23	36.12
36.22	35.93
36.21	36.08
36.21	35.69
36.21	34.86
36.20	35.81
36.19	35.77
36.18	36.04
36.18	36.00
36.17	36.28
36.17	35.93
36.16	36.00
36.16	35.97
36.16	36.04
36.16	35.93
36.14	35.97
36.13	36.08
36.10	36.04
36.08	35.85
36.08	35.89
36.06	35.93
36.06	35.89
36.06	35.97
36.07	36.52
36.08	35.85
36.08	36.00
36.08	35.77
36.08	35.33
36.10	36.36
36.10	36.36
36.10	35.89
36.11	36.68
36.13	35.89
36.13	35.97
36.11	35.77
36.11	35.97
36.14	35.97
36.21	35.85
36.27	36.16
36.31	36.12
36.34	36.20
36.32	36.08
36.32	36.12
36.34	35.41
36.34	36.20
36.34	36.08
36.35	36.08
36.34	35.18
36.32	36.20
36.27	35.97
36.21	36.08
36.34	36.12
36.46	36.91
36.50	36.16
36.53	36.83
36.56	36.28
36.66	36.16
36.75	36.44
36.76	36.40
36.69	36.36
36.72	36.48
36.79	36.52
36.92	36.68
36.95	35.45
36.95	36.72
36.95	36.64
36.98	36.75
37.01	36.68
37.02	36.91
37.05	36.16
37.01	36.75
36.98	36.79
36.98	36.72
36.98	36.75
36.98	36.72
36.98	36.79
37.00	35.41
37.00	35.61
36.98	36.83
36.95	36.72
36.95	36.79
36.95	37.03
36.95	36.72
36.97	36.75
36.98	36.91
37.00	36.72
37.01	37.23
37.01	36.83
36.98	36.91
36.95	36.44
36.92	36.72
36.91	36.75
36.88	36.64
36.88	36.68
36.87	36.72
36.87	36.72
36.85	36.56
36.85	36.68
36.88	36.56
36.92	35.89
36.95	36.68
36.96	36.75
36.96	36.60
36.93	36.72
36.92	36.75
36.92	36.56
36.95	36.75
36.97	36.52
37.01	36.68
37.05	36.75
37.13	37.62
37.17	36.79
37.08	37.15
37.01	36.72
37.02	36.72
36.97	36.75
36.94	36.36
36.92	36.75
36.93	36.64
36.92	36.64
36.92	36.75
36.95	36.75
36.99	36.87
37.05	37.23
37.05	36.79
37.02	36.75
37.01	36.83
37.00	36.83
37.03	36.79
37.05	36.75
37.10	36.60
37.24	37.03
37.43	37.03
37.49	37.07
37.62	37.07
37.59	37.23
37.54	37.11
37.46	36.12
37.38	37.15
37.33	36.91
37.27	36.91
37.20	36.91
37.17	36.95
37.17	36.48
37.18	36.68
37.22	36.95
37.35	37.54
37.46	36.95
37.56	36.91
37.68	37.07
37.83	37.11
37.98	37.35
38.15	37.54
38.31	37.58
38.40	37.78
38.49	37.78
38.61	37.98
38.61	38.10
38.53	37.98
38.48	37.94
38.42	38.06
38.36	38.61
38.30	37.98
38.24	38.02
38.16	37.27
38.10	37.98
38.05	37.74
38.01	37.82
37.89	37.74
37.75	37.66
37.86	36.60
38.01	37.62
38.07	38.26
38.11	37.66
38.19	37.11
38.30	37.78
38.39	38.02
38.42	37.66
38.42	37.86
38.40	38.49
38.36	37.78
38.32	38.02
38.28	37.90
38.25	38.41
38.25	38.61
38.25	37.90
38.27	37.98
38.27	38.14
38.26	37.90
38.22	37.98
38.15	36.83
38.08	37.74
38.01	37.27
37.93	37.82
37.85	37.70
37.79	37.62
37.78	37.74
37.77	37.39
37.76	38.18
37.76	37.54
37.76	37.47
37.72	37.58
37.69	37.47
37.67	37.35
37.64	36.44
37.57	37.54
37.48	37.39
37.41	37.54
37.39	37.23
37.41	37.23
37.43	37.19
37.46	37.23
37.48	37.54
37.46	37.27
37.43	37.07
37.37	37.31
37.30	37.11
37.24	37.15
37.21	37.03
37.20	36.95
37.19	37.03
37.15	37.03
37.11	36.99
37.07	36.91
37.04	37.35
37.05	36.79
37.05	36.91
37.08	36.95
37.11	36.83
37.11	37.31
37.13	36.87
37.12	36.87
37.10	38.14
37.07	36.87
37.05	36.87
37.07	36.87
37.08	36.95
37.08	37.03
37.05	37.58
37.01	36.91
37.00	37.23
36.98	36.75
36.96	36.75
36.98	36.60
36.99	36.83
36.98	37.23
36.95	36.91
36.91	36.75
36.89	36.64
36.90	36.60
36.92	36.68
36.94	37.27
36.96	36.60
36.99	37.15
37.02	36.60
37.05	37.23
37.07	36.72
37.08	36.72
37.08	36.75
37.09	36.83
37.11	37.31
37.11	36.91
37.12	35.22
37.13	36.87
37.14	36.52
37.14	36.95
37.15	36.91
37.16	37.03
37.17	36.83
37.17	36.00
37.17	36.91
37.17	36.83
37.14	37.43
37.12	36.95
37.08	37.03
37.05	36.79
37.01	37.03
36.97	36.79
36.93	36.99
36.92	37.15
36.94	36.83
36.96	35.61
36.97	37.62
36.98	36.75
36.98	37.39
36.98	36.75
36.96	36.56
36.95	38.22
36.94	36.24
36.92	36.79
36.92	35.81
36.90	35.69
36.89	36.68
36.87	36.56
36.85	36.56
36.81	37.23
36.76	36.64
36.73	36.36
36.69	36.56
36.66	36.64
36.62	36.52
36.58	36.48
36.53	36.56
36.50	36.40
36.45	36.36
36.41	36.28
36.38	36.44
36.35	35.10
36.30	36.08
36.26	35.97
36.22	36.08
36.21	36.20
36.22	34.90
36.22	35.97
36.24	36.08
36.27	35.97
36.31	34.94
36.37	34.90
36.43	36.08
36.50	36.16
36.58	36.87
36.67	36.36
36.76	36.28
36.84	35.89
36.87	36.48
36.88	36.60
36.86	36.52
36.86	36.44
36.86	36.56
36.85	36.56
36.85	37.27
36.85	36.52
36.86	36.32
36.88	36.60
36.90	36.68
36.92	36.40
36.90	37.23
36.87	36.72
36.82	36.68
36.72	36.56
36.56	36.52
36.34	37.07
36.18	36.99
36.08	35.97
36.00	35.81
35.96	35.77
36.03	35.49
36.18	35.65
36.31	35.85
36.41	35.77
36.47	36.04
36.52	36.08
36.51	36.12
36.56	34.86
36.65	36.24
36.81	36.32
37.00	36.72
37.21	37.31
37.21	36.75
37.29	37.58
37.22	36.91
37.27	37.43
37.53	36.91
37.74	35.97
37.80	37.03
37.80	37.23
37.70	37.11
37.62	37.15
37.56	37.23
37.53	37.39
37.60	37.39
37.62	37.35
37.64	37.47
37.63	37.27
37.62	37.43
37.67	36.68
37.75	37.35
37.82	37.31
37.85	37.98
37.87	37.62
37.87	37.70
37.87	37.66
37.87	37.50
37.88	37.66
37.88	37.66
37.86	37.70
37.91	37.86
38.04	37.86
38.18	37.94
38.29	37.82
38.33	38.10
38.33	37.82
38.31	38.06
38.33	37.15
38.38	38.10
38.41	38.14
38.40	38.14
38.36	38.14
38.30	38.06
38.22	37.82
38.20	38.06
38.24	37.98
38.29	38.18
38.33	38.06
38.38	38.10
38.40	38.18
38.40	37.15
38.39	38.10
38.35	38.37
38.30	38.06
38.22	38.57
38.15	38.02
38.08	37.86
38.06	38.53
38.13	38.06
38.20	38.37
38.27	38.49
38.30	36.79
38.37	38.10
38.49	38.06
38.62	38.29
38.82	38.33
38.99	39.12
39.11	38.61
39.20	38.69
39.28	38.85
39.35	38.73
39.41	38.93
39.48	39.44
39.58	39.08
39.63	38.61
39.62	39.12
39.56	39.32
39.46	39.44
39.30	38.57
39.21	37.62
39.18	39.01
39.17	38.89
39.17	39.64
39.20	38.93
39.24	39.12
39.30	38.65
39.31	39.79
39.30	39.01
39.30	38.81
39.29	38.85
39.30	38.89
39.29	39.01
39.30	39.04
39.30	38.97
39.34	39.08
39.63	39.76
40.06	39.44
40.44	39.64
40.78	39.95
41.01	39.32
41.12	40.31
41.10	40.15
41.04	40.51
40.97	40.54
40.88	40.35
40.78	40.39
40.72	40.47
40.71	40.43
40.71	40.47
40.70	40.31
40.64	40.39
40.54	40.23
40.42	40.54
40.30	40.15
40.23	40.27
40.21	40.70
40.24	40.19
40.20	40.07
40.11	39.95
40.01	38.89
39.86	39.68
39.60	39.76
39.25	39.40
38.94	39.20
38.66	39.52
38.45	38.77
38.28	38.73
38.20	37.90
38.24	38.33
38.27	38.06
38.39	38.29
38.65	38.45
38.86	38.37
38.96	38.37
38.93	38.57
38.85	38.57
38.73	38.49
38.52	38.41
38.24	38.10
38.11	38.18
38.17	38.65
38.18	38.14
38.15	38.22
38.19	38.65
38.27	38.18
38.36	38.49
38.46	38.10
38.54	38.33
38.60	39.04
38.67	38.41
38.71	37.62
38.69	38.37
38.63	39.24
38.55	38.45
38.43	38.41
38.32	37.78
38.20	38.22
38.11	38.22
38.07	38.14
38.06	38.26
38.06	38.10
38.04	37.27
38.00	37.82
37.94	38.10
37.88	37.66
37.84	37.90
37.81	37.66
37.82	36.83
37.84	37.70
37.88	37.86
37.95	37.82
38.03	37.74
38.08	38.49
38.10	37.86
38.01	37.70
37.95	37.90
37.85	37.82
37.72	37.82
37.64	37.78
37.53	37.66
37.29	37.54
37.00	36.95
36.77	37.03
36.67	36.75
36.77	37.47
37.03	37.19
37.50	37.62
37.96	37.66
38.24	37.82
38.35	37.94
38.40	37.90
38.45	38.10
38.46	38.06
38.46	38.10
38.46	38.73
38.42	38.02
38.36	38.26
38.40	38.77
38.52	37.19
38.62	38.49
38.86	38.61
39.07	37.50
39.23	39.40
39.36	39.36
39.46	39.01
39.51	38.89
39.52	39.08
39.54	39.04
39.54	39.28
39.50	39.20
39.46	39.08
39.42	39.08
39.37	39.08
39.35	39.20
39.33	39.01
39.31	39.12
39.26	39.44
39.12	39.01
38.87	38.45
38.72	38.65
38.69	38.57
38.65	38.61
38.61	38.53
38.61	38.61
38.50	38.49
38.39	38.45
38.36	38.41
38.31	38.33
38.29	38.33
38.29	38.22
38.36	38.26
38.45	38.02
38.50	37.82
38.53	38.41
38.56	38.37
38.56	38.37
38.50	38.85
38.46	38.49
38.46	38.37
38.48	38.29
38.49	38.37
38.51	38.10
38.49	38.33
38.46	38.33
38.42	38.37
38.33	38.26
38.26	38.61
38.24	38.22
38.29	37.66
38.33	38.22
38.37	38.06
38.39	38.81
38.39	37.82
38.40	38.45
38.40	38.33
38.39	38.26
38.37	38.14
38.36	38.73
38.34	38.73
38.30	38.18
38.26	38.18
38.22	38.10
38.15	38.61
38.06	38.02
38.00	37.82
38.03	38.02
38.06	37.94
38.08	37.90
38.09	37.74
38.11	37.94
38.14	37.94
38.17	38.18
38.16	37.98
38.11	37.31
38.04	38.22
38.01	38.45
38.02	37.78
38.06	37.66
38.11	38.53
38.16	37.86
38.24	37.90
38.42	38.02
38.59	38.29
38.69	38.33
38.76	38.57
38.82	38.37
38.88	38.61
38.96	38.65
39.02	39.36
39.07	38.73
39.06	38.73
39.04	38.57
38.99	38.89
38.89	38.73
38.81	39.16
38.76	38.69
38.76	38.85
38.76	38.61
38.75	38.69
38.75	38.65
38.72	38.57
38.67	38.57
38.62	38.45
38.59	38.65
38.57	38.57
38.52	38.49
38.45	38.65
38.33	38.41
38.10	38.37
37.97	38.10
37.99	38.37
38.02	38.02
38.01	38.10
37.90	38.45
37.91	38.02
38.04	38.06
